0	-1
1	0
2	1,2
3	3
4	4
5	5
6	6,7
7	8
8,10	9,10
11	11
12	12,13
13,14	14,15
15	16
16	17
17	18
18	19
19	20
20	21
21	22
22	23
23	24,26
24	27
25,26	28
27	29
28	30
29	31,33
30	34
31	35,36
32	37
33	38,39
-1	40
-1	41
34	-1
35	-1
36	-1
37	-1
38	-1
39	42
40	43
41	44,45
42	46
43,45	47
46	48
47	49
48	50
49,50	51
51	52,53
52	54
53	55
54	56,57
55	58
56	59
57,58	60
59	61,62
60	63,64
61,62	65
63	66,67
64	68
65,66	69,71
67,68	72,73
69	74
70	75
71	-1
72	76
-1	77
73	78
74	79
75,76	80
77,78	81
79	82
80,81	83
82,83	84
84	85
85,86	86
87	87
88	88
89	89
90	90
91	91
92	92
93	93
94	94,95
95	-1
96	96
-1	97
97,102	98
103	99,100
104	-1
105	-1
106	101
-1	102
107	103
108,109	104
110	105,106
111	107
112,113	108
114	109
115,116	110,111
117	112
118,119	113
-1	114
120	115
121	-1
122	116
123	117
124,125	118
126	119
127	120
128,129	121
-1	122
130	123
131	-1
132	124
133,134	125,126
135	127
-1	128
136	129
137	-1
138	130
139	131
140	132
141,142	133
143,144	134
145	135,137
146	138
-1	139
147	140
148	-1
149	141,142
150	143
151	144
-1	145
152	146
153	-1
154	147
155	148
156	149
157,158	150
159	151
160,161	152
162	153,154
-1	155
163	156
164	-1
165	157
166	158
167,168	159,160
-1	161
169	162
170	-1
171	163
172	164
173	165
174,175	166
-1	167
176	168
-1	169
177	170
178	-1
179	171
180	172,173
181	174
182,185	175
186	176
187	177
188	178
189	179
-1	180
190	181
191	-1
192	182
193	183
194,195	184,185
196	186,187
197	188
-1	189
198	190
199	-1
200,201	191
-1	192
202	193
203	-1
204,205	194
206	195
207	196
-1	197
208	198
209	-1
210	199
211	200,201
-1	202
212	-1
-1	203
213	204
214	-1
215	205
216,217	206
218	207
219	208
220	209
221	210
222	211
223	212
224,225	213
226	214
227	215
228	-1
229	-1
230,231	216
232,234	217
235,236	218
237,238	219
239	220
240,241	221
242	222
243,244	223
245	224
246,247	225,226
-1	227
248	228
249	-1
250	229
251	230
252	231,232
253	233,234
254	235
255	236
256	237
257	238
258,259	239
260	240
261	241
262,264	242
265	243
266	244
267,268	245
-1	246
269	247
270	-1
271	248
272	249
273	250
274	251
275	252
-1	253
276	254
277	-1
278,279	255,256
280	257
281,282	258
-1	259
283	260
284	-1
285	261
286	262
287	263
288	264
289	265
-1	266
290	267
291	-1
292	268,269
293,295	270,271
296	272
297,298	273
299	274
300	275
301	276
302	277
303	278,279
-1	280
304	281
305	-1
306	282
307	283,284
308	285
309	286
310	287
-1	288
-1	289
-1	290
311	291
312	-1
313	292
314	293,294
315	295
316	296
-1	297
317	298
318	-1
319,320	299,300
-1	301
321	302,303
322	304
323,324	305
325	-1
326	306
-1	307
327,329	308
330,331	309
332	310
333	311,312
334	313
335	314
336,337	315
338	316
339	317
-1	318
340	319
341	-1
342,344	320
345	321
346	322,324
347	325,327
-1	328
348	329
349	-1
350	330,332
351	333
352	334
353	335
354	336
355	337
-1	338
356	339
357	-1
358	340,341
359,362	342,344
363	345,346
364	347
-1	348
365	349
366	-1
367,370	350
371,372	351
373	352
374	353
375	354
376	355,356
377	357
378	358
379	359
380	360
381	361,362
382	363,364
383	365,366
384	367
385	368,369
-1	370
386	371
387	-1
388	372
389	373
390	374
391	375
392	376
-1	377
393	378
394	-1
395	379
396	380,381
397	382,384
-1	385
398	386
399	-1
400	387
401	388,389
402	390
-1	391
403	392
404	-1
405	393
406	394,395
407	-1
408	396
409,410	397,399
411,412	400
413	401
-1	402
414	403
415	-1
416	404
417,419	405
420,421	406
422	407
423	408,409
424	410
425	411
426	412
427	413
-1	414
428	415
429	-1
430	416
431,433	417
-1	418
434	419
435	-1
436	420,422
-1	423
437	424
438	-1
439	425,426
-1	427
440	428
441	-1
442	429,431
443	432,433
444	-1
445	434,435
446	436
-1	437
447	438
448	-1
449,450	439
451	440
452	441
453,455	442,443
456,457	444
458	445
459	446
460	447
461	448
462	449
463	450
464	451
465	452
466	453
467	454
468,469	455,456
470	457,458
-1	459
471	-1
472,473	460
474,476	461
477	462
478	463
479	464
480	465
481,483	466,467
484	468
485,486	469
487	470
488	471
489,490	472,474
491	475
492,493	476,477
494	478
495,496	479
497,498	480,481
499,500	482
-1	483
501	484
502,503	485,486
504	487
505,507	488
508	489
-1	490
509	491
510	-1
511	492,495
512	496,497
513	498
-1	499
514	500
515	-1
516	501
517	502
518	503
519	504
520	505
521	506
-1	507
522	508
523	-1
524	509
525	510
526	511,512
527	-1
528,529	513
530,531	514
532	515
533	516
534	517
535	518
536,537	519
-1	520
538	521
539	-1
540,541	522
542	523
543	524
544,546	525,527
547,548	528
549	529
550	530
551	531
-1	532
-1	533
552	534
553	535
554	536
555	537
556	538
557	539
558	540
559,560	541
561	542
562,563	543
564	544
-1	545
565	546
566	-1
567	547
568	548
569,570	549
571,572	550
-1	551
573	552
574	-1
575,576	553
577	554
578	555,556
579	557
580	558
581	559
582	560
583	561
584	562
585	563
-1	564
586	565
587	-1
588	566
589,590	567
591	568
592	569
-1	570
593	571
594	-1
595	572
596	573
-1	574
597	575
598	-1
599	576
600	577
601	578
602	579
-1	580
603	581
604	-1
605,607	582
608	583
609	584,585
610	586
-1	587
611	588
612	-1
613	589
614	590
615	591
616	592
617	593
618	594
619	595
620,621	596
622	597
-1	598
623	599
624	-1
625	600
626	601
627	602
628,631	603
632	604
633,634	605
635	606
636	607
637	608
-1	609
638	610
639	-1
640	611
641	612
-1	613
642	614
643	-1
644	615
645,647	616
648	617
649	618
-1	619
650	620
651	-1
652	621
653	622
654	623
655	624
656	625
657	626
658	627
659,664	628
665	629
666,667	630
668	631
669	-1
-1	632
670	-1
671	633
672	634
673	635
674	636
675	637
676	638,639
677,679	640
680	641
681,683	642
684	643
685	644
686	645
687	646
-1	647
688	648
689	-1
690	649
691	650
692	651
693	652
694	653
695	654,655
696	656
697	657
698	658
699,701	659
702	660
703,704	661
705	662
706	663
707	664
708	665
-1	666
709	667
710	-1
711	668
712,716	669
717	670
718	671
719	672
720	673
721,722	674
723,724	675
725,726	676
727	677
-1	678
728	679
729	-1
730	680
731,732	681
733,737	682
738,740	683
741	684
742	685
743,744	686
745	687
746,748	688
749	689
750	690
751,753	691
754,760	692,698
-1	699
761	700
762	-1
763	701
764,765	702,704
766,770	705
771	706
772	707
773	708
774,775	709
776,777	710
-1	711
778	712
779	-1
780	713
781,783	714
784,785	715
786	716
787	717
-1	718
788	719
789	-1
790	720
791,792	721,722
793	723
794	724
795	725
796	726
797	727
798,799	728
800	729
801,802	730
803	731
804	732
805	733
806	734,735
807,808	736
809,810	737
811,812	738,739
813	740
814	741
815,816	742
817,818	743
819	744
820	745
821,822	746
823,824	747,749
-1	750
825	751
826	-1
827	752
828	753
829	754
830	755
831	756,757
832	758
833	759
834	760
835	761
836	762
837	763
838	764
-1	765
839	766
840	-1
841	767
842,843	768
844	769
845,847	770
-1	771
848	772
849	-1
850	773,774
851	775
852,854	776
855	777
856	778
857,858	779
859	780
860	781
861	782
-1	783
862	784
863	-1
864	785,787
865	788
866,867	789,790
868	791
869	792
870	793,794
871,872	795
873	796
874	797
875	798
876	799
-1	800
877	801
878	-1
879	802
880,884	803
885,886	804
887,888	805
889	806
890	807
891	808
892	809
893	810
894,896	811
897	812
898,899	813
900	814
901	815
902	816
903	817,818
904	819
905	820
906	821
907	822
908	823
909,910	824,825
911,912	826
913,914	827
915,916	828
917	829
918	830
-1	831
919	832
920	-1
921,922	833
923	834
924	835
925	836
926	837
927	838
928	839,841
929	842
930	-1
931	843
932	844,846
933	847
934	848
935	849
936	850,851
937	852
938	853
-1	854
939	855
940	-1
941,942	856
943	857
944	858
945,946	859
947	860,862
948,949	863
950	864
951,952	865
953	866
954	867,868
-1	869
955	870
956	-1
957	871
958	872,875
959	876
960	877
-1	878
961	879
962	-1
963,965	880
966	881
967,970	882
971	883
972,973	884
974	885
975,976	886
977	887,888
978,980	889
981,982	890
983	891
984	892
985	893
-1	894
986	895
987	-1
988	896
989,990	897
991,992	898,899
993	900
994	901
995	902
996	903
997	904,905
-1	906
998	907
999	-1
1000	908
1001	909
1002	910
1003	911,912
1004	913,914
1005	915
1006	916
1007	917,918
1008	919
-1	920
-1	921
-1	922
-1	923
-1	924
-1	925
-1	926
-1	927
-1	928
-1	929
-1	930
-1	931
-1	932
1009	933
1010	-1
1011	934
1012	935
1013	936
1014	937
1015	938
1016	939,940
1017	941
1018	942
1019	943
1020	944
1021,1022	945
1023	946
1024	947
-1	948
1025	949
1026	-1
1027	950
1028,1029	951
1030	952,954
1031	955
1032	956
1033	957,958
1034	959,960
-1	961
1035	962
1036	-1
1037	963
1038	964
1039	965
1040	966
1041	967
1042	968
1043	969,970
-1	971
1044	972
1045	-1
1046	973
1047	974
1048,1049	975,976
1050,1051	977
1052	978,979
-1	980
1053	981
1054	-1
1055	982
1056	983,984
1057	985
1058	986,987
1059,1060	988
1061,1062	989
1063	990
1064,1065	991
1066	992
1067,1068	993
1069	994
1070	995
1071	996
1072	997
1073	998,999
1074	1000
1075,1076	1001
1077	1002
1078	1003,1004
1079	1005
1080	1006
1081	1007
1082	1008
1083	1009
1084	1010
1085	-1
-1	1011
1086	1012
1087	-1
1088	1013,1014
1089	1015,1016
1090,1091	1017,1018
1092,1093	1019
1094	1020
1095	1021
1096	1022
1097,1099	1023
1100	1024,1025
1101	1026
1102	1027
1103	1028,1029
1104	1030
1105	1031
1106	-1
1107	-1
1108	1032
1109	1033,1034
1110,1111	1035
1112	1036
1113	1037
1114	1038
-1	1039
1115	1040
1116	-1
1117	1041
1118	1042
1119,1122	1043
1123	1044
-1	1045
1124	1046
1125	-1
1126	1047
1127	1048
1128	1049
1129	1050
-1	1051
1130	1052
1131	-1
1132	1053
1133	1054
1134	1055
1135	1056
-1	1057
1136	1058
1137	-1
1138	1059
1139	1060
1140	1061
1141	1062
1142	1063
-1	1064
-1	1065
1143	1066
1144	-1
1145,1146	1067
1147	1068
1148	1069
1149	1070
1150	1071,1072
1151	1073
1152	1074
1153	1075
1154	1076
1155	1077
1156	1078
1157	1079
1158	1080,1081
1159	1082,1085
1160	1086
-1	1087
1161	1088
1162	-1
1163,1164	1089
1165	1090
1166	1091
1167	1092
1168	1093
1169	1094
1170	1095
1171	-1
1172	1096
1173	1097,1098
1174	1099,1100
1175	1101
1176	1102,1103
1177	1104,1105
1178	1106
-1	1107
1179	1108
1180	-1
1181	1109
1182,1183	1110,1111
1184	1112
1185	1113
1186	1114
1187	1115,1116
1188	1117
-1	1118
1189	1119
1190	-1
1191	1120,1121
1192	1122
1193,1194	1123,1124
1195	1125
1196	1126
1197	1127
1198	1128,1129
1199	1130
-1	1131
1200	-1
1201	1132
1202	1133,1134
1203	1135
1204	1136
1205	1137
1206	1138
1207	1139
1208,1209	1140
1210	-1
1211	1141
1212	1142,1143
1213	1144
1214	1145
1215,1216	1146
1217	1147,1148
-1	1149
1218	1150
1219	-1
1220	1151
1221	1152
1222,1223	1153
1224	1154
1225	1155,1156
1226	1157
1227	1158,1159
1228,1229	1160,1161
1230,1231	1162
1232	1163
1233	1164
1234	1165
1235,1236	1166
1237	1167,1168
1238	1169
1239,1240	1170
1241	1171
1242	1172
1243	1173
1244	1174,1175
1245	1176
1246	1177
-1	1178
1247	1179
1248	-1
1249	1180,1181
1250	1182
1251,1252	1183
1253	1184
1254	1185
1255	1186
1256	1187
1257	1188
1258,1260	1189
1261	1190
1262	1191
1263,1264	1192
1265	1193
1266,1267	1194
1268	1195,1196
1269	1197
1270	1198
1271,1272	1199
1273	1200
1274	1201
1275,1276	1202
1277	1203,1204
-1	1205
1278	1206
1279	-1
1280	1207
1281	1208
1282,1283	1209
1284,1285	1210,1211
1286	1212
1287	1213
1288	1214,1215
1289	1216
-1	1217
1290	1218
1291	-1
1292	1219
1293	1220
1294,1295	1221
1296,1297	1222
1298	1223
1299	1224
1300	1225
1301,1302	1226
1303	1227
1304	1228
1305	1229
1306	1230
1307,1308	1231,1232
-1	1233
-1	1234
-1	1235
-1	1236
-1	1237
1309	1238
1310	-1
1311	1239,1240
1312	1241
1313	1242
1314	1243
1315	1244
1316	1245
1317	1246
1318	1247
1319	1248,1249
1320	1250
1321	1251,1252
1322	1253
1323	1254
1324	1255
1325	1256
1326	1257
1327	1258
1328,1329	1259
1330	1260
1331	1261
1332	1262
1333,1335	1263
1336	1264
1337	1265
1338,1340	1266
1341	1267
1342	1268
1343	1269
1344	1270
1345	1271
1346,1347	1272,1273
1348	1274
1349	1275
-1	1276
1350	1277
1351	-1
1352	1278
1353	1279
1354	1280
1355	1281
1356	1282
1357	1283
1358	1284
1359	1285
1360,1361	1286
1362	1287,1288
1363	1289
1364	1290
1365	1291
1366,1367	1292
1368	1293
1369	1294
1370	1295
1371	1296
-1	1297
1372	1298
1373	-1
1374	1299
1375	1300
1376,1377	1301
1378	1302,1303
1379	1304
1380	1305
1381	1306
1382	1307
1383	1308
1384	1309
1385,1386	1310
1387	1311
1388	1312
1389	1313
1390	1314
-1	1315
1391	1316
1392	-1
1393	1317,1318
1394	1319
1395	1320
1396	1321,1322
1397,1398	1323
1399	1324,1325
1400	1326
1401	1327
1402	1328
1403,1404	1329,1330
1405	1331
1406	1332
1407,1408	1333
1409	1334,1335
1410	1336
-1	1337
1411	1338
1412	-1
1413	1339
1414	1340
1415	1341
1416,1420	1342
-1	1343
1421	1344
1422	-1
1423	1345,1347
1424	1348
1425	1349
1426,1427	1350
1428	1351
1429,1430	1352
1431	1353
1432	1354
1433	1355,1357
1434	1358
1435	1359
1436	1360
1437	1361
1438	1362
-1	1363
1439	1364
1440	-1
1441	1365
1442	1366
-1	1367
-1	1368
-1	1369
1443	1370
1444	1371
1445	1372
-1	1373
-1	1374
-1	1375
1446	1376
1447	1377
1448	1378
1449	1379
1450,1451	1380,1381
-1	1382
-1	1383
-1	1384
1452	1385,1386
1453	1387
-1	1388
1454	1389
1455	1390,1392
-1	1393
-1	1394
-1	1395
-1	1396
-1	1397
-1	1398
1456	1399,1400
-1	1401
-1	1402
-1	1403
1457	1404,1405
-1	1406
1458	-1
1459	1407,1408
1460	1409,1410
1461	1411,1412
1462	1413
1463	1414
1464	1415
1465	1416,1418
-1	1419
1466	1420
1467	-1
1468	1421
1469,1471	1422
1472	1423
1473,1474	1424
-1	1425
1475	1426
1476	-1
1477	1427,1428
1478	1429
1479	1430
1480	1431
1481	1432
-1	1433
1482	1434
1483	-1
1484	1435
1485	1436
1486	1437
1487,1488	1438
1489,1490	1439
1491	1440
1492	1441
1493	1442
1494,1496	1443
1497	1444
1498	1445,1446
1499,1500	1447
-1	1448
1501	1449
1502	-1
1503	1450,1451
1504	1452
1505	1453,1454
1506,1507	1455
1508,1509	1456
1510	1457
-1	1458
1511	1459
1512	-1
1513	1460
1514,1515	1461
1516	1462,1463
1517,1518	1464,1467
1519	1468
1520,1521	1469
1522	1470
1523,1524	1471
1525	1472
1526	1473,1474
-1	1475
1527	1476
1528	-1
1529,1532	1477
1533,1535	1478
1536	1479
1537	1480
1538	1481
1539	1482
1540,1541	1483
1542,1547	1484
1548,1549	1485,1486
1550,1552	1487
1553	1488,1489
1554	1490
1555,1556	1491
1557	1492
-1	1493
1558	1494
1559	-1
1560	1495,1496
1561	1497
1562	1498
1563	1499
1564,1565	1500
1566	1501
1567,1568	1502
1569,1570	1503
-1	1504
1571	1505
1572,1573	1506
1574	1507,1508
1575,1576	1509
1577	1510
1578,1580	1511
1581,1582	1512
1583	1513
1584	1514,1515
1585,1586	1516
1587,1589	1517,1518
1590	1519
1591	1520
1592	1521
1593	1522
1594	1523
1595	1524
1596	1525
1597	1526,1527
-1	1528
1598	1529
1599	-1
1600	1530
1601	1531
1602	1532
1603,1604	1533
1605	1534
1606	1535
1607,1609	1536
1610,1611	1537
1612,1614	1538
-1	1539
1615	1540
1616	-1
1617	1541
1618	1542
1619,1621	1543
1622	1544
1623	1545,1546
1624,1625	1547
1626	1548
1627	1549
1628	1550
1629	1551
1630	1552
1631	1553
1632,1633	1554
1634	1555
1635	1556
-1	1557
1636	1558
1637	-1
1638	1559
1639	1560
1640	1561
1641	1562
1642,1644	1563
1645	1564,1565
1646,1647	1566,1567
1648	1568
1649,1650	1569
1651,1652	1570
1653,1657	1571,1572
1658	1573
1659	1574
1660	1575
1661	1576
1662	1577
1663,1664	1578,1579
1665	1580,1581
1666	1582
-1	1583
1667	1584
1668	-1
1669	1585
1670,1672	1586
1673	1587,1588
1674	1589
1675	1590,1591
1676	1592
1677	1593
1678	1594,1595
1679,1680	1596
1681	1597
-1	1598
1682	1599
1683	-1
1684	1600
1685,1686	1601
1687	1602
1688	1603
1689,1690	1604
1691	1605
1692	1606,1607
1693,1695	1608,1610
1696,1698	1611
1699	1612
-1	1613
1700	1614
1701	-1
1702	1615,1619
1703	1620
1704,1705	1621
1706,1708	1622,1623
1709	1624
1710	1625
1711	1626
1712	1627
1713	1628
1714	1629
1715	1630,1631
1716,1717	1632,1633
1718	1634
1719	1635
1720	1636
1721	1637
1722	1638
1723,1724	1639
1725,1727	1640
1728,1729	1641
1730	1642
1731	1643
1732,1733	1644
1734	1645
1735,1737	1646
1738	1647
1739	1648
1740,1741	1649
1742	1650,1651
1743	1652
1744	1653
1745	1654
1746,1747	1655
1748,1751	1656
1752	1657,1658
-1	1659
1753	1660
1754	-1
1755	1661
1756	1662
1757	1663
1758	1664
1759	1665
1760	1666
1761	1667
1762	1668,1669
1763	1670
1764	1671,1672
1765	1673
1766,1768	1674,1675
1769,1770	1676
1771	1677
1772	1678
1773	1679
1774,1776	1680
1777	1681
-1	1682
1778	1683
1779	-1
1780	1684
1781	1685
1782,1783	1686
1784,1785	1687
1786,1787	1688,1689
1788	1690
1789	1691
1790,1791	1692
1792	1693
1793	1694
1794	1695
1795	1696,1698
1796	1699
1797,1798	1700
1799,1800	1701
1801	1702
1802	1703
1803	1704
1804	1705
1805,1806	1706,1707
1807	1708,1710
1808	1711,1712
1809	1713
1810	1714
1811	1715
1812	1716
1813	1717
1814	1718
1815	1719
1816	1720
1817	1721
1818	1722
1819	1723
1820,1821	1724
-1	1725
1822	1726
1823	-1
1824,1825	1727
1826	1728
1827	1729
1828,1829	1730
1830	1731
1831	1732
1832	1733
1833,1834	1734
1835	1735
1836,1837	1736
1838	1737
1839	1738
1840	1739
1841	1740
-1	1741
1842	1742
1843	-1
1844	1743
1845	1744
1846	1745
1847,1849	1746
1850	1747
1851	1748
1852,1853	1749
1854,1855	1750
1856	1751
-1	1752
1857	1753
1858	-1
1859	1754
1860,1861	1755
1862	1756
1863,1864	1757
1865	1758
1866	1759
1867	1760
1868	1761
1869,1870	1762
1871,1872	1763,1764
1873	1765,1766
1874	1767
1875,1876	1768
1877,1880	1769
1881	1770
1882,1885	1771
1886	1772
1887	1773
-1	1774
1888	1775
1889	-1
1890	1776
1891,1892	1777,1779
-1	1780
1893	1781
1894	-1
1895	1782,1784
1896,1897	1785
1898	1786
1899,1900	1787
1901	1788
1902	1789
1903	1790,1791
1904	1792
1905,1906	1793
1907	1794
1908	1795
-1	1796
1909	1797
1910	-1
1911	1798,1799
1912	1800
1913	1801,1802
1914	1803
1915	1804
-1	1805
1916	1806
1917	-1
1918	1807,1808
1919	1809
1920	1810
1921,1923	1811
1924	1812
1925	1813
1926	1814,1815
1927	1816
1928	1817
-1	1818
1929	1819
1930	-1
1931,1932	1820,1821
1933	1822,1823
1934,1935	1824
1936	1825
-1	1826
1937	1827
1938	-1
1939	1828
1940	1829,1830
1941	1831
1942,1943	1832
-1	1833
1944	1834
1945	-1
1946,1947	1835
1948	1836,1837
1949	1838
1950	1839
1951	1840
1952	1841
1953,1954	1842
1955	1843
1956	1844
1957	1845,1846
1958	1847,1849
1959	1850
-1	1851
1960	1852
1961	-1
1962	1853
1963	1854,1856
1964	1857
1965	1858
1966,1967	1859
1968	1860
1969,1970	1861
1971	1862
1972	1863
1973	1864
1974	1865
1975	1866
1976	1867
1977	1868
-1	1869
1978	1870
1979	-1
1980	1871
1981	1872
1982,1983	1873
1984	1874,1875
1985	1876
1986	-1
1987	1877
1988	1878
1989	1879
1990	1880
1991	1881
1992	1882
1993	1883
1994	1884
-1	1885
1995	1886
1996	-1
1997	1887
1998	1888,1889
1999	1890
2000	1891
2001	1892
2002	1893,1894
2003	1895,1896
2004	1897
2005	1898
2006	1899
2007,2008	1900
2009,2010	1901
2011	1902,1903
2012,2013	1904
2014	1905
2015	1906
2016,2017	1907
2018,2019	1908
2020,2023	1909
2024,2031	1910
2032,2034	1911
2035	1912
2036	1913
2037,2038	1914
2039,2040	1915
2041	1916
2042,2044	1917
2045,2046	1918
2047	1919
2048	1920
2049,2051	1921
2052	1922
2053	1923
2054	1924,1925
2055	1926
2056	1927,1928
2057	1929
2058,2059	1930
-1	1931
2060	1932
2061	-1
2062	1933
2063	1934,1935
2064	1936
2065,2066	1937
2067	1938
2068	1939
2069	1940
2070	1941
2071	1942
2072,2073	1943
2074	1944
2075,2076	1945,1946
2077	1947
2078,2079	1948
2080	1949
2081	1950
2082	1951
2083	1952
2084	1953
2085,2086	1954
2087	1955
2088	1956
2089	1957
2090	1958
2091	1959
2092	1960
2093,2094	1961
2095	1962
2096,2098	1963
2099	1964
2100	1965,1966
2101	1967
-1	1968
2102	1969
2103	-1
-1	1970
2104,2105	1971,1972
2106	1973
2107	1974
2108	-1
2109	1975
2110,2111	1976
2112,2114	1977
2115	1978,1979
2116	1980,1981
2117	1982
-1	1983
2118	-1
2119	1984
-1	1985
2120	1986
2121	-1
2122	1987
2123	1988
2124	1989
2125,2126	1990
-1	1991
2127	1992
2128	-1
2129,2131	1993
2132	1994
2133	1995
2134,2135	1996
2136,2138	1997
2139,2140	1998
2141	1999
2142	2000
2143,2145	2001
2146,2147	2002
2148	2003
2149	2004
2150	2005,2007
-1	2008
2151	2009
2152	-1
2153,2154	2010
2155,2156	2011
2157	2012
2158,2159	2013
-1	2014
2160	2015
2161	-1
2162	2016,2017
2163	2018
2164,2165	2019,2021
2166,2167	2022
2168	2023
2169	2024
2170	2025
2171	2026
2172	2027
2173	2028
2174,2175	2029,2030
2176	2031
2177	2032
2178,2179	2033,2034
2180	2035
2181	2036
2182	2037
2183	2038
2184	2039
-1	2040
2185	2041
2186	2042
2187	2043
2188	2044
2189	2045
2190	2046
2191	2047
2192,2194	2048,2050
2195,2196	2051
2197	2052
2198,2200	2053
2201	2054,2057
2202,2203	2058
2204	2059
2205	2060
-1	2061
2206	2062
2207	-1
2208,2211	2063
2212	2064
2213,2215	2065
2216,2219	2066
2220	2067
2221,2222	2068
2223,2226	2069
2227	2070
2228,2229	2071
2230	2072
2231,2232	2073
2233,2234	2074
2235	2075
-1	2076
2236	2077
2237	-1
2238	2078,2079
2239	2080
2240	2081
2241,2242	2082
2243,2244	2083,2084
2245	2085,2086
2246,2247	2087
2248	2088
2249	2089
2250	2090
-1	2091
2251	2092
2252	-1
2253	2093
2254	2094
2255	2095
2256	2096
2257	-1
2258	2097,2098
2259	2099
2260,2263	2100
2264	2101
2265	2102
2266	2103
2267,2269	2104
2270	2105
2271,2272	2106
2273	2107
2274	2108
2275	2109
2276	-1
2277	2110
-1	2111
2278	2112,2113
2279	2114
2280	2115
2281	2116
2282	2117
2283	2118
2284,2285	2119
2286,2287	2120
2288	2121
2289	2122
2290	2123,2124
2291	2125
2292,2293	2126
2294	2127
2295,2297	2128
2298	2129
2299,2300	2130
2301,2302	2131
2303	2132,2133
2304,2305	2134,2135
2306	2136,2137
2307	2138
2308	-1
2309	2139
2310,2311	2140
2312	2141
2313,2314	2142
2315	2143
2316	2144
2317,2319	2145
2320	2146,2147
2321,2322	2148
2323	2149
2324	-1
2325,2326	2150
2327	2151
2328	2152,2153
2329,2330	2154
2331,2332	2155
2333	2156
2334,2335	2157
2336	2158
-1	2159
2337	2160
2338	-1
2339	2161
2340	2162
2341	2163
2342,2343	2164
2344	2165
2345	2166
2346,2347	2167,2169
2348,2349	2170
2350,2351	2171
2352	2172
2353,2354	2173
2355	2174
2356	2175,2176
2357	2177
2358	2178
2359,2360	2179
2361	2180
2362	2181
2363	2182
2364,2365	2183
2366,2367	2184
2368	2185
2369,2370	2186
2371	2187
2372	2188,2189
2373	2190
2374,2375	2191
2376	2192
2377	2193,2194
2378	2195
2379	2196,2197
2380	2198
2381	2199
2382	2200
2383,2385	2201
2386	2202
2387	2203
2388	2204
2389	2205,2206
2390	2207
2391	2208,2209
2392	2210
2393	2211
2394,2395	2212
2396,2397	2213
2398	2214
2399	2215
2400	2216
2401,2403	2217,2218
2404	2219
2405	2220
2406	2221
2407,2408	2222
2409	2223
2410	2224
2411	2225
2412	2226
2413	2227
2414	2228
2415	2229
2416,2417	2230
2418	2231
2419	2232
2420	2233,2235
2421	2236
2422,2423	2237
2424,2427	2238
2428	2239
2429,2430	2240
2431	2241
2432,2435	2242
2436	2243
2437	2244
-1	2245
2438	2246
2439	-1
2440	2247
2441	2248
2442,2444	2249
2445	2250
2446	2251
2447	2252,2253
2448,2449	2254
2450	2255
2451	2256
2452,2453	2257
2454,2455	2258
2456	2259
2457	2260,2261
2458	2262,2263
2459,2460	2264
2461	2265
2462	2266
2463	2267
2464	2268
2465,2466	2269
2467	2270
2468	2271
2469,2471	2272
2472	2273
2473	2274
2474	2275
2475	2276
2476,2478	2277
2479	2278
2480,2481	2279
2482	2280
2483	2281
2484	2282,2283
2485,2486	2284
2487	2285,2287
2488	2288
2489	2289
2490	2290
2491	2291
2492,2493	2292
2494,2495	2293
2496	2294
2497,2498	2295
2499	2296
2500	2297
2501	2298,2299
2502,2503	2300
2504	2301
2505	2302
2506,2507	2303
2508	2304,2305
2509	2306
2510	2307
2511,2513	2308
2514,2515	2309
2516,2517	2310
2518	2311
-1	2312
2519	-1
2520	2313
-1	2314
-1	2315
2521	-1
2522	-1
2523	-1
2524	-1
2525,2526	2316
2527	2317
2528	2318
2529	-1
2530	2319
-1	2320
-1	2321
2531	2322
2532	2323,2324
2533	2325
2534	2326
-1	2327
-1	2328
-1	2329
2535	-1
2536	-1
2537	2330
2538	2331
2539	2332
2540,2541	2333
-1	2334
2542	2335
2543	-1
2544	2336
2545	2337
2546	2338
2547	2339
2548	2340
2549	2341
2550	2342
2551,2552	2343
2553,2554	2344,2345
2555	2346
2556,2559	2347
2560	2348
2561,2562	2349
2563	2350
2564	2351
2565	2352,2353
2566	2354
2567	2355
2568	2356
2569,2570	2357
2571	2358
2572	2359
-1	2360
2573	2361
2574	-1
2575	2362,2363
2576	2364
2577	2365
2578	2366
2579	2367
2580	2368,2369
2581,2582	2370,2371
2583,2584	2372
2585	2373
2586	2374
2587	2375
2588	2376
2589	2377
2590,2595	2378,2379
2596	2380
2597	2381
2598	2382,2383
2599	2384,2385
2600	2386
2601	2387
2602	2388
2603	2389
2604,2606	2390,2391
2607,2608	2392
2609	2393
-1	2394
2610	2395
2611	-1
2612	2396
2613	2397,2398
2614,2616	2399
2617,2618	2400
2619	2401
2620,2621	2402
2622,2623	2403
2624	2404
2625	2405
2626,2627	2406,2407
2628,2629	2408
2630,2631	2409
2632,2634	2410
2635	2411,2412
2636,2637	2413
2638	2414
-1	2415
2639	2416
2640	-1
2641	2417,2418
2642	2419
2643	2420
2644,2646	2421
2647,2650	2422
2651,2652	2423
2653	2424,2425
2654,2656	2426,2427
2657	2428
2658,2659	2429,2430
2660	2431
2661,2663	2432
2664,2665	2433
2666	2434
2667	2435
2668,2670	2436
2671	2437
2672	2438
2673,2674	2439
2675	2440
2676	2441
2677	2442,2443
-1	2444
2678	2445
2679	-1
2680	2446
2681	2447
2682	2448
2683,2685	2449
2686	2450
2687,2690	2451
2691,2692	2452,2453
2693,2694	2454
2695	2455
2696	2456
-1	2457
2697	2458
2698	-1
2699	2459
2700	2460
2701,2702	2461
2703,2704	2462
2705	2463
2706,2707	2464
2708	2465
2709	2466
2710,2711	2467
2712	2468
2713	2469
-1	2470
2714	2471
2715	-1
2716	2472
2717,2719	2473
2720	2474
2721	2475
2722	2476
2723	2477
2724,2726	2478
2727	2479
2728	2480
2729	2481
2730	2482
-1	2483
2731	2484
2732	-1
2733	2485
2734,2737	2486
2738,2741	2487
2742,2746	2488
2747	2489
2748,2751	2490
2752,2753	2491
2754	2492
-1	2493
2755	2494
2756,2757	2495
2758	2496
2759	2497
2760	2498
2761,2762	2499
2763	2500
2764	2501
2765	2502
2766,2768	2503
2769	2504
2770	2505
2771,2772	2506
2773	2507
2774	2508,2509
2775	2510
2776,2777	2511
2778,2779	2512
2780,2783	2513,2515
2784	2516,2517
2785,2786	2518,2519
2787,2788	2520
2789,2790	2521,2522
2791,2793	2523
2794	2524
2795	2525
2796	2526
2797,2798	2527
2799	-1
2800	-1
2801	-1
2802	-1
2803,2804	2528
2805	2529
2806	2530
2807	2531
2808,2809	2532
2810	2533
2811,2813	2534
2814	2535
2815	2536
2816	2537
2817	2538
2818	2539
2819	2540
2820,2821	2541
2822,2823	2542
2824	2543,2544
2825	2545
2826	2546
2827	2547
2828	2548
2829	2549
2830	2550
2831	2551
2832	-1
-1	2552
2833	2553
2834	-1
2835	2554
2836,2841	2555
2842	2556
2843,2848	2557
2849	2558
2850,2853	2559
2854	2560
2855	2561
2856	2562
2857,2861	2563
2862,2865	2564
2866	2565
2867	2566
2868	-1
2869	2567
2870,2872	2568
2873,2874	2569
2875,2876	2570
2877	2571
2878	-1
2879	2572
2880,2882	2573
2883	-1
2884,2885	2574
2886,2888	2575
2889	-1
2890	2576
2891,2892	2577
2893,2894	2578
2895,2896	2579
2897	-1
2898	2580
2899,2901	2581
2902,2904	2582
2905	-1
2906	2583
2907	2584
2908,2910	2585
2911,2913	2586
2914,2915	2587
2916,2919	2588
2920	2589
2921	2590
2922,2923	2591
2924	2592
2925,2926	2593
2927	-1
2928	2594
2929,2931	2595
2932	-1
2933,2934	2596,2597
-1	2598
2935	2599
2936	2600
-1	2601
-1	2602
-1	2603
-1	2604
2937	-1
2938,2941	2605,2606
2942,2943	2607
2944,2946	2608
2947	2609
2948,2950	2610
2951	2611
2952,2953	2612
2954	2613
2955,2956	2614,2615
-1	2616
2957	-1
2958	2617
2959,2960	2618
2961,2962	2619
2963	2620
2964,2965	2621
2966	2622
2967	2623
2968	2624
2969,2970	2625
2971	2626
2972,2973	2627
2974	2628
2975	2629
2976,2978	2630
2979	2631
2980,2981	2632
2982	2633
2983	2634
2984	2635
2985	2636,2637
2986	2638
2987,2988	2639,2640
2989	2641
2990	2642
2991	2643
2992,2993	2644,2645
2994,2996	2646
2997,2999	2647
3000	2648
3001	2649
3002	2650
3003,3005	2651
3006	2652
3007	2653
3008	2654
3009	2655
3010	2656
3011	2657
3012,3014	2658
3015,3016	2659
3017,3018	2660
3019	2661
3020,3021	2662,2664
3022	2665
3023	2666
3024	2667
3025	2668,2669
3026	2670
3027	2671
3028	2672
3029,3030	2673
3031,3032	2674
3033,3034	2675
3035	2676
3036	2677
3037	2678
3038	2679
3039,3040	2680,2681
3041	2682
3042,3043	2683
3044	2684
3045	2685
3046,3048	2686
3049,3050	2687
3051,3052	2688
3053	2689
3054	2690
3055	2691,2692
3056	2693
3057,3058	2694
3059	2695
3060	2696
3061	2697,2698
3062	2699
3063	2700
3064	2701
3065	2702
3066	2703
3067	2704,2705
3068,3070	2706,2708
3071,3072	2709
-1	2710
3073	2711
3074	-1
3075	2712
3076,3077	2713
3078,3080	2714
3081,3082	2715
3083,3084	2716
3085	2717
3086	2718
3087,3088	2719
3089,3093	2720
3094	2721
3095,3096	2722
3097	2723
3098,3099	2724
3100	2725
3101	2726
3102	2727
3103	2728
3104	2729
3105	2730
3106	2731
3107	2732
3108	2733
3109	2734,2735
3110	2736
3111	2737
3112	2738
3113	2739,2740
3114	2741
3115	2742
3116,3117	2743,2744
3118	2745
3119	2746
3120,3121	2747
3122	2748
3123,3124	2749
3125	2750,2751
3126	2752
3127	2753
3128	2754
3129	2755
3130	2756,2757
3131	2758
3132	2759
3133	2760
3134	2761
3135	2762
3136	2763
3137	2764
3138,3139	2765
3140,3141	2766,2767
3142,3143	2768
3144,3146	2769
3147,3148	2770
3149	2771
3150,3151	2772
3152	2773,2774
-1	2775
3153	2776
3154	2777,2780
3155	2781
3156	2782
3157	2783,2784
3158	2785
3159	2786
3160	2787
3161	2788
3162	2789
-1	2790
3163	2791
3164	-1
3165,3166	2792
3167	2793
3168,3171	2794
3172,3173	2795,2797
3174	2798
3175	2799
3176	2800
3177	2801
3178,3180	2802
3181	2803
3182	-1
-1	2804
-1	2805
3183	-1
3184	-1
3185	-1
3186	2806
3187	2807
3188,3189	2808
3190	2809
3191	2810,2811
-1	2812
3192	-1
3193	2813
-1	2814
3194	2815
3195	2816
3196,3197	2817,2818
3198,3199	2819
3200	2820
3201	2821,2822
3202,3203	2823,2825
3204,3206	2826
3207	2827
3208	2828
3209	2829,2830
3210	2831
3211,3212	2832
3213	2833
3214	2834
3215	2835
3216	2836,2837
3217,3218	2838
3219,3220	2839
3221,3224	2840
3225	2841
3226	2842
3227	2843
3228,3229	2844
3230	2845
3231,3232	2846
3233,3234	2847
3235,3237	2848
3238	2849
3239,3240	2850
3241,3242	2851
3243	2852
3244	2853,2854
-1	2855
3245,3246	2856
3247	2857
3248	2858
3249	2859
3250	2860
3251	2861
3252	2862
3253,3254	2863
3255	2864
3256	2865
3257,3258	2866,2867
3259,3262	2868
3263,3264	2869,2870
3265,3266	2871
3267	2872
3268,3269	2873
3270,3271	2874
3272	2875
3273,3275	2876
3276	2877,2878
3277	2879
3278,3279	2880
3280,3283	2881,2882
3284	2883
3285	2884
3286,3287	2885,2886
3288,3289	2887
3290	2888
3291	2889,2890
3292	2891
-1	2892
3293	2893
3294	-1
3295	2894
3296	2895
3297	2896
3298	2897
3299	2898
3300	2899
3301	2900
3302	2901
3303	2902
3304	2903
3305	2904
3306	2905
3307	2906,2908
3308	2909
3309	2910
3310	2911
3311	2912
3312,3314	2913
3315	2914
3316	2915
3317	2916,2917
3318	2918
3319	2919,2920
3320	2921,2922
3321	2923
3322	2924
3323,3324	2925
3325	2926,2927
3326	2928
3327,3328	2929
3329,3330	2930
3331,3332	2931
3333	2932
3334	2933
3335,3336	2934
3337	2935
3338,3340	2936
3341	2937
3342	2938
3343,3344	2939
3345,3346	2940
3347	2941
3348,3350	2942,2943
3351,3352	2944
-1	2945
3353	2946
3354	-1
3355	2947,2948
3356,3357	2949
3358	2950
3359,3360	2951,2952
3361	2953
3362,3364	2954
3365	2955
3366,3367	2956
3368	2957
3369,3370	2958
3371,3372	2959
3373	2960
-1	2961
3374	2962
3375	-1
3376	2963
3377	2964
3378	2965
3379,3381	2966
3382	2967
3383,3384	2968
3385,3386	2969
3387	2970
3388,3389	2971
3390	2972
3391	2973
-1	2974
3392	2975
3393	-1
3394	2976
3395	2977
3396	2978
3397	2979
3398	2980
3399	2981
3400	2982
3401	2983,2984
3402	2985
3403,3404	2986
3405	2987
3406,3407	2988
3408	2989
3409	2990
3410	2991
3411	2992
3412,3422	2993,2994
3423,3424	2995
3425	2996,2997
3426,3427	2998
3428	2999
-1	3000
3429	3001
3430	-1
3431	3002
3432,3433	3003
3434,3435	3004
3436	3005
3437	3006
3438,3439	3007,3008
3440	3009
3441,3442	3010
3443,3444	3011
-1	3012
3445	3013
3446	-1
3447,3448	3014
3449	3015
3450	3016
3451,3452	3017
3453	3018
3454	3019
-1	3020
3455	3021
3456	-1
3457,3459	3022
3460,3461	3023
3462	3024
3463	3025,3026
3464,3465	3027
3466,3467	3028
3468	3029
3469	3030
3470,3471	3031
3472	3032
3473	3033
3474	3034
-1	3035
3475	3036
3476	-1
3477,3479	3037
3480	3038
3481,3482	3039,3040
3483	3041
3484	3042
3485,3486	3043
3487,3489	3044
3490	3045
3491	3046
-1	3047
3492	3048
3493	-1
3494,3495	3049
3496	3050
3497	3051
3498,3499	3052
3500	3053
3501	3054
3502	3055
-1	3056
3503	3057
3504	-1
3505	3058
3506	3059
3507	3060
3508	3061
3509,3510	3062
3511,3512	3063
3513,3514	3064,3065
3515	3066
3516	3067
3517	3068
3518	3069
3519,3520	3070
3521,3522	3071
3523	3072
3524,3525	3073,3074
3526	3075
3527,3528	3076
3529	3077,3078
3530,3531	3079
3532	3080
3533	3081
3534,3535	3082
3536	3083
3537	3084
3538	3085
-1	3086
3539	3087
3540	-1
3541	3088
3542,3543	3089
3544	3090
3545	3091
3546	3092
3547	3093
3548	3094
3549	3095
-1	3096
3550,3551	3097,3098
3552,3553	3099
3554	3100
3555	3101
3556	3102
3557	3103
3558,3559	3104,3105
3560	3106
3561	3107
3562,3563	3108
3564,3565	3109,3110
3566	3111
3567	3112
3568	3113
3569,3571	3114
3572,3573	3115
-1	3116
3574	3117
3575	-1
3576,3577	3118
3578,3579	3119
3580	3120
3581,3582	3121
3583	3122
3584	3123
3585,3586	3124
3587,3588	3125,3126
3589,3590	3127
3591	3128
-1	3129
3592	3130
3593	-1
3594	3131
3595,3596	3132
3597	3133,3134
3598	3135
3599	3136
3600	3137
3601,3602	3138
3603,3605	3139
3606,3607	3140
3608	3141
3609	3142
3610,3611	3143
3612,3615	3144
3616,3618	3145
3619,3620	3146
3621	3147
3622,3623	3148
3624	3149
-1	3150
3625	3151
3626	-1
3627	3152
3628,3630	3153
3631	3154
3632	3155
3633	3156
-1	3157
3634	3158
3635	-1
3636	3159,3161
3637	3162
3638	3163
3639	3164
3640	3165
3641	3166
-1	3167
3642	3168
3643	3169
3644,3645	3170
3646,3647	3171
3648	3172
3649	3173
3650,3651	3174
-1	3175
-1	3176
3652	3177
3653	-1
3654	3178
3655	3179
3656	3180
3657	3181
3658	3182
3659	3183
3660,3662	3184
3663,3664	3185,3186
3665	3187
3666	3188
-1	3189
3667	3190
3668	-1
3669,3670	3191
3671	3192
3672,3673	3193
3674,3675	3194,3195
3676	3196
3677,3678	3197
3679	3198
3680	3199
3681	3200
3682	3201
3683,3684	3202
-1	3203
3685	3204
3686	-1
3687	3205
3688	3206
3689	3207
3690,3691	3208
3692	3209
3693,3695	3210
3696,3697	3211,3212
3698	3213
-1	3214
3699	3215
3700	3216
3701	3217
3702	3218
3703	3219
3704	3220
3705,3706	3221
3707,3709	3222
3710,3711	3223
3712,3714	3224
3715,3716	3225
3717,3718	3226
3719,3720	3227
3721	3228
3722,3725	3229
3726	3230
3727	3231
3728	3232
3729	3233
-1	3234
3730	3235
3731	-1
3732,3734	3236
3735	3237
3736	3238
3737,3738	3239
3739,3740	3240
3741	3241
-1	3242
3742	3243
3743	-1
3744,3745	3244
3746,3748	3245
3749,3750	3246
-1	3247
3751	3248
3752	-1
3753	3249
3754	3250
3755	3251
3756,3757	3252
3758	3253
3759	3254
3760,3761	3255
3762	3256
-1	3257
-1	3258
3763	3259
3764	-1
3765,3767	3260
3768	3261
3769	3262
3770,3771	3263
3772,3773	3264
3774,3775	3265
3776	3266
3777	3267
-1	3268
3778	3269
3779	-1
3780	3270
3781,3783	3271
3784	3272
3785,3787	3273,3274
3788,3789	3275
3790	3276,3277
3791	3278
3792	3279
3793	3280
3794	3281
3795	3282
3796	3283
-1	3284
3797	3285
3798	-1
3799,3800	3286
3801,3802	3287
3803	3288
3804,3805	3289
3806,3807	3290
3808	3291
-1	3292
3809	3293
3810	-1
3811	3294
3812,3814	3295
3815,3816	3296
3817,3818	3297
3819	3298
3820	3299
3821	3300
3822,3823	3301
3824	3302
3825	3303
3826,3828	3304
3829	3305
3830	3306
3831	3307
3832	-1
3833,3835	3308
3836,3837	3309,3310
3838	3311
3839	3312
3840	3313
3841	3314
3842,3843	3315
3844,3845	3316
3846	3317,3318
3847	3319
3848,3849	3320
3850	3321
3851	3322
3852	3323,3324
3853	3325
-1	3326
3854	3327
3855	-1
3856	3328,3329
3857,3859	3330
3860	3331
3861,3862	3332
3863	3333
3864	3334
3865	3335,3336
3866	3337
3867,3868	3338
3869,3870	3339
3871,3872	3340
3873,3874	3341
3875,3879	3342
3880	3343
3881,3882	3344
-1	3345
3883	3346
3884	-1
3885	3347
3886,3888	3348
3889	3349
3890	3350
3891	3351
3892	3352,3353
3893,3894	3354
3895,3896	3355
3897	3356
-1	3357
3898	3358
3899	-1
3900	3359,3360
3901	3361
3902	3362
3903	3363,3364
3904	3365
3905	3366
3906	3367
-1	3368
3907	3369
3908	-1
3909	3370
3910	3371
3911	3372
3912	3373
3913	3374
3914,3915	3375
3916	3376,3377
3917	3378
3918	3379
3919	3380,3381
3920,3921	3382,3383
3922	3384
3923,3924	3385
3925	3386
3926,3927	3387
3928,3932	3388
3933	3389
3934	3390
3935	3391
3936	3392,3393
3937	3394
3938	3395
3939	3396
3940,3943	3397
3944,3945	3398
3946,3947	3399
3948,3949	3400
-1	3401
3950	3402
3951	-1
3952	3403
3953,3954	3404
3955	3405
3956	3406
3957	3407
3958	3408
3959	3409
3960,3962	3410
3963	3411
3964,3965	3412
3966	3413
3967	3414
3968	3415
3969	3416,3417
3970,3972	3418
3973,3974	3419
3975	3420
3976	3421,3422
3977	3423
3978	3424
3979,3980	3425
3981,3982	3426
3983	3427
3984	3428
3985,3986	3429
3987,3988	3430
3989	3431
3990	3432
3991	3433
3992	3434,3435
3993	3436
3994	3437,3438
-1	3439
3995	3440
3996	-1
3997,3998	3441
3999	3442
4000,4001	3443
4002	3444
4003,4005	3445
4006	3446
4007,4009	3447
4010	3448
4011	3449
-1	3450
4012	3451
4013	-1
4014,4015	3452
4016	3453
4017	3454
4018	3455
4019	3456
4020,4021	3457
4022	3458
4023	3459
4024	3460
4025	3461,3462
4026	3463
4027,4028	3464
4029,4030	3465
4031	3466
4032	3467
4033,4035	3468,3469
4036	3470
-1	3471
4037	3472
4038	-1
4039	3473
4040	3474
4041,4042	3475
4043,4045	3476
-1	3477
4046	3478
4047	-1
4048,4050	3479,3481
4051	3482
4052	3483
4053	3484
4054	3485
