-1	0
0	1
1,2	2
3	3
4	4
5	5
6,7	6
8	7
9,10	8,10
11	11
12,13	12
14,15	13,14
16	15
17	16
18	17
19	18
20	19
21	20
22	21
23	22
24,26	23
27	24
28	25,26
29	27
30	28
31,33	29
34	30
35,36	31
37	32
38,39	33
40	-1
41	-1
-1	34
-1	35
-1	36
-1	37
-1	38
42	39
43	40
44,45	41
46	42
47	43,45
48	46
49	47
50	48
51	49,50
52,53	51
54	52
55	53
56,57	54
58	55
59	56
60	57,58
61,62	59
63,64	60
65	61,62
66,67	63
68	64
69,71	65,66
72,73	67,68
74	69
75	70
-1	71
76	72
77	-1
78	73
79	74
80	75,76
81	77,78
82	79
83	80,81
84	82,83
85	84
86	85,86
87	87
88	88
89	89
90	90
91	91
92	92
93	93
94,95	94
-1	95
96	96
97	-1
98	97,102
99,100	103
-1	104
-1	105
101	106
102	-1
103	107
104	108,109
105,106	110
107	111
108	112,113
109	114
110,111	115,116
112	117
113	118,119
114	-1
115	120
-1	121
116	122
117	123
118	124,125
119	126
120	127
121	128,129
122	-1
123	130
-1	131
124	132
125,126	133,134
127	135
128	-1
129	136
-1	137
130	138
131	139
132	140
133	141,142
134	143,144
135,137	145
138	146
139	-1
140	147
-1	148
141,142	149
143	150
144	151
145	-1
146	152
-1	153
147	154
148	155
149	156
150	157,158
151	159
152	160,161
153,154	162
155	-1
156	163
-1	164
157	165
158	166
159,160	167,168
161	-1
162	169
-1	170
163	171
164	172
165	173
166	174,175
167	-1
168	176
169	-1
170	177
-1	178
171	179
172,173	180
174	181
175	182,185
176	186
177	187
178	188
179	189
180	-1
181	190
-1	191
182	192
183	193
184,185	194,195
186,187	196
188	197
189	-1
190	198
-1	199
191	200,201
192	-1
193	202
-1	203
194	204,205
195	206
196	207
197	-1
198	208
-1	209
199	210
200,201	211
202	-1
-1	212
203	-1
204	213
-1	214
205	215
206	216,217
207	218
208	219
209	220
210	221
211	222
212	223
213	224,225
214	226
215	227
-1	228
-1	229
216	230,231
217	232,234
218	235,236
219	237,238
220	239
221	240,241
222	242
223	243,244
224	245
225,226	246,247
227	-1
228	248
-1	249
229	250
230	251
231,232	252
233,234	253
235	254
236	255
237	256
238	257
239	258,259
240	260
241	261
242	262,264
243	265
244	266
245	267,268
246	-1
247	269
-1	270
248	271
249	272
250	273
251	274
252	275
253	-1
254	276
-1	277
255,256	278,279
257	280
258	281,282
259	-1
260	283
-1	284
261	285
262	286
263	287
264	288
265	289
266	-1
267	290
-1	291
268,269	292
270,271	293,295
272	296
273	297,298
274	299
275	300
276	301
277	302
278,279	303
280	-1
281	304
-1	305
282	306
283,284	307
285	308
286	309
287	310
288	-1
289	-1
290	-1
291	311
-1	312
292	313
293,294	314
295	315
296	316
297	-1
298	317
-1	318
299,300	319,320
301	-1
302,303	321
304	322
305	323,324
-1	325
306	326
307	-1
308	327,329
309	330,331
310	332
311,312	333
313	334
314	335
315	336,337
316	338
317	339
318	-1
319	340
-1	341
320	342,344
321	345
322,324	346
325,327	347
328	-1
329	348
-1	349
330,332	350
333	351
334	352
335	353
336	354
337	355
338	-1
339	356
-1	357
340,341	358
342,344	359,362
345,346	363
347	364
348	-1
349	365
-1	366
350	367,370
351	371,372
352	373
353	374
354	375
355,356	376
357	377
358	378
359	379
360	380
361,362	381
363,364	382
365,366	383
367	384
368,369	385
370	-1
371	386
-1	387
372	388
373	389
374	390
375	391
376	392
377	-1
378	393
-1	394
379	395
380,381	396
382,384	397
385	-1
386	398
-1	399
387	400
388,389	401
390	402
391	-1
392	403
-1	404
393	405
394,395	406
-1	407
396	408
397,399	409,410
400	411,412
401	413
402	-1
403	414
-1	415
404	416
405	417,419
406	420,421
407	422
408,409	423
410	424
411	425
412	426
413	427
414	-1
415	428
-1	429
416	430
417	431,433
418	-1
419	434
-1	435
420,422	436
423	-1
424	437
-1	438
425,426	439
427	-1
428	440
-1	441
429,431	442
432,433	443
-1	444
434,435	445
436	446
437	-1
438	447
-1	448
439	449,450
440	451
441	452
442,443	453,455
444	456,457
445	458
446	459
447	460
448	461
449	462
450	463
451	464
452	465
453	466
454	467
455,456	468,469
457,458	470
459	-1
-1	471
460	472,473
461	474,476
462	477
463	478
464	479
465	480
466,467	481,483
468	484
469	485,486
470	487
471	488
472,474	489,490
475	491
476,477	492,493
478	494
479	495,496
480,481	497,498
482	499,500
483	-1
484	501
485,486	502,503
487	504
488	505,507
489	508
490	-1
491	509
-1	510
492,495	511
496,497	512
498	513
499	-1
500	514
-1	515
501	516
502	517
503	518
504	519
505	520
506	521
507	-1
508	522
-1	523
509	524
510	525
511,512	526
-1	527
513	528,529
514	530,531
515	532
516	533
517	534
518	535
519	536,537
520	-1
521	538
-1	539
522	540,541
523	542
524	543
525,527	544,546
528	547,548
529	549
530	550
531	551
532	-1
533	-1
534	552
535	553
536	554
537	555
538	556
539	557
540	558
541	559,560
542	561
543	562,563
544	564
545	-1
546	565
-1	566
547	567
548	568
549	569,570
550	571,572
551	-1
552	573
-1	574
553	575,576
554	577
555,556	578
557	579
558	580
559	581
560	582
561	583
562	584
563	585
564	-1
565	586
-1	587
566	588
567	589,590
568	591
569	592
570	-1
571	593
-1	594
572	595
573	596
574	-1
575	597
-1	598
576	599
577	600
578	601
579	602
580	-1
581	603
-1	604
582	605,607
583	608
584,585	609
586	610
587	-1
588	611
-1	612
589	613
590	614
591	615
592	616
593	617
594	618
595	619
596	620,621
597	622
598	-1
599	623
-1	624
600	625
601	626
602	627
603	628,631
604	632
605	633,634
606	635
607	636
608	637
609	-1
610	638
-1	639
611	640
612	641
613	-1
614	642
-1	643
615	644
616	645,647
617	648
618	649
619	-1
620	650
-1	651
621	652
622	653
623	654
624	655
625	656
626	657
627	658
628	659,664
629	665
630	666,667
631	668
-1	669
632	-1
-1	670
633	671
634	672
635	673
636	674
637	675
638,639	676
640	677,679
641	680
642	681,683
643	684
644	685
645	686
646	687
647	-1
648	688
-1	689
649	690
650	691
651	692
652	693
653	694
654,655	695
656	696
657	697
658	698
659	699,701
660	702
661	703,704
662	705
663	706
664	707
665	708
666	-1
667	709
-1	710
668	711
669	712,716
670	717
671	718
672	719
673	720
674	721,722
675	723,724
676	725,726
677	727
678	-1
679	728
-1	729
680	730
681	731,732
682	733,737
683	738,740
684	741
685	742
686	743,744
687	745
688	746,748
689	749
690	750
691	751,753
692,698	754,760
699	-1
700	761
-1	762
701	763
702,704	764,765
705	766,770
706	771
707	772
708	773
709	774,775
710	776,777
711	-1
712	778
-1	779
713	780
714	781,783
715	784,785
716	786
717	787
718	-1
719	788
-1	789
720	790
721,722	791,792
723	793
724	794
725	795
726	796
727	797
728	798,799
729	800
730	801,802
731	803
732	804
733	805
734,735	806
736	807,808
737	809,810
738,739	811,812
740	813
741	814
742	815,816
743	817,818
744	819
745	820
746	821,822
747,749	823,824
750	-1
751	825
-1	826
752	827
753	828
754	829
755	830
756,757	831
758	832
759	833
760	834
761	835
762	836
763	837
764	838
765	-1
766	839
-1	840
767	841
768	842,843
769	844
770	845,847
771	-1
772	848
-1	849
773,774	850
775	851
776	852,854
777	855
778	856
779	857,858
780	859
781	860
782	861
783	-1
784	862
-1	863
785,787	864
788	865
789,790	866,867
791	868
792	869
793,794	870
795	871,872
796	873
797	874
798	875
799	876
800	-1
801	877
-1	878
802	879
803	880,884
804	885,886
805	887,888
806	889
807	890
808	891
809	892
810	893
811	894,896
812	897
813	898,899
814	900
815	901
816	902
817,818	903
819	904
820	905
821	906
822	907
823	908
824,825	909,910
826	911,912
827	913,914
828	915,916
829	917
830	918
831	-1
832	919
-1	920
833	921,922
834	923
835	924
836	925
837	926
838	927
839,841	928
842	929
-1	930
843	931
844,846	932
847	933
848	934
849	935
850,851	936
852	937
853	938
854	-1
855	939
-1	940
856	941,942
857	943
858	944
859	945,946
860,862	947
863	948,949
864	950
865	951,952
866	953
867,868	954
869	-1
870	955
-1	956
871	957
872,875	958
876	959
877	960
878	-1
879	961
-1	962
880	963,965
881	966
882	967,970
883	971
884	972,973
885	974
886	975,976
887,888	977
889	978,980
890	981,982
891	983
892	984
893	985
894	-1
895	986
-1	987
896	988
897	989,990
898,899	991,992
900	993
901	994
902	995
903	996
904,905	997
906	-1
907	998
-1	999
908	1000
909	1001
910	1002
911,912	1003
913,914	1004
915	1005
916	1006
917,918	1007
919	1008
920	-1
921	-1
922	-1
923	-1
924	-1
925	-1
926	-1
927	-1
928	-1
929	-1
930	-1
931	-1
932	-1
933	1009
-1	1010
934	1011
935	1012
936	1013
937	1014
938	1015
939,940	1016
941	1017
942	1018
943	1019
944	1020
945	1021,1022
946	1023
947	1024
948	-1
949	1025
-1	1026
950	1027
951	1028,1029
952,954	1030
955	1031
956	1032
957,958	1033
959,960	1034
961	-1
962	1035
-1	1036
963	1037
964	1038
965	1039
966	1040
967	1041
968	1042
969,970	1043
971	-1
972	1044
-1	1045
973	1046
974	1047
975,976	1048,1049
977	1050,1051
978,979	1052
980	-1
981	1053
-1	1054
982	1055
983,984	1056
985	1057
986,987	1058
988	1059,1060
989	1061,1062
990	1063
991	1064,1065
992	1066
993	1067,1068
994	1069
995	1070
996	1071
997	1072
998,999	1073
1000	1074
1001	1075,1076
1002	1077
1003,1004	1078
1005	1079
1006	1080
1007	1081
1008	1082
1009	1083
1010	1084
-1	1085
1011	-1
1012	1086
-1	1087
1013,1014	1088
1015,1016	1089
1017,1018	1090,1091
1019	1092,1093
1020	1094
1021	1095
1022	1096
1023	1097,1099
1024,1025	1100
1026	1101
1027	1102
1028,1029	1103
1030	1104
1031	1105
-1	1106
-1	1107
1032	1108
1033,1034	1109
1035	1110,1111
1036	1112
1037	1113
1038	1114
1039	-1
1040	1115
-1	1116
1041	1117
1042	1118
1043	1119,1122
1044	1123
1045	-1
1046	1124
-1	1125
1047	1126
1048	1127
1049	1128
1050	1129
1051	-1
1052	1130
-1	1131
1053	1132
1054	1133
1055	1134
1056	1135
1057	-1
1058	1136
-1	1137
1059	1138
1060	1139
1061	1140
1062	1141
1063	1142
1064	-1
1065	-1
1066	1143
-1	1144
1067	1145,1146
1068	1147
1069	1148
1070	1149
1071,1072	1150
1073	1151
1074	1152
1075	1153
1076	1154
1077	1155
1078	1156
1079	1157
1080,1081	1158
1082,1085	1159
1086	1160
1087	-1
1088	1161
-1	1162
1089	1163,1164
1090	1165
1091	1166
1092	1167
1093	1168
1094	1169
1095	1170
-1	1171
1096	1172
1097,1098	1173
1099,1100	1174
1101	1175
1102,1103	1176
1104,1105	1177
1106	1178
1107	-1
1108	1179
-1	1180
1109	1181
1110,1111	1182,1183
1112	1184
1113	1185
1114	1186
1115,1116	1187
1117	1188
1118	-1
1119	1189
-1	1190
1120,1121	1191
1122	1192
1123,1124	1193,1194
1125	1195
1126	1196
1127	1197
1128,1129	1198
1130	1199
1131	-1
-1	1200
1132	1201
1133,1134	1202
1135	1203
1136	1204
1137	1205
1138	1206
1139	1207
1140	1208,1209
-1	1210
1141	1211
1142,1143	1212
1144	1213
1145	1214
1146	1215,1216
1147,1148	1217
1149	-1
1150	1218
-1	1219
1151	1220
1152	1221
1153	1222,1223
1154	1224
1155,1156	1225
1157	1226
1158,1159	1227
1160,1161	1228,1229
1162	1230,1231
1163	1232
1164	1233
1165	1234
1166	1235,1236
1167,1168	1237
1169	1238
1170	1239,1240
1171	1241
1172	1242
1173	1243
1174,1175	1244
1176	1245
1177	1246
1178	-1
1179	1247
-1	1248
1180,1181	1249
1182	1250
1183	1251,1252
1184	1253
1185	1254
1186	1255
1187	1256
1188	1257
1189	1258,1260
1190	1261
1191	1262
1192	1263,1264
1193	1265
1194	1266,1267
1195,1196	1268
1197	1269
1198	1270
1199	1271,1272
1200	1273
1201	1274
1202	1275,1276
1203,1204	1277
1205	-1
1206	1278
-1	1279
1207	1280
1208	1281
1209	1282,1283
1210,1211	1284,1285
1212	1286
1213	1287
1214,1215	1288
1216	1289
1217	-1
1218	1290
-1	1291
1219	1292
1220	1293
1221	1294,1295
1222	1296,1297
1223	1298
1224	1299
1225	1300
1226	1301,1302
1227	1303
1228	1304
1229	1305
1230	1306
1231,1232	1307,1308
1233	-1
1234	-1
1235	-1
1236	-1
1237	-1
1238	1309
-1	1310
1239,1240	1311
1241	1312
1242	1313
1243	1314
1244	1315
1245	1316
1246	1317
1247	1318
1248,1249	1319
1250	1320
1251,1252	1321
1253	1322
1254	1323
1255	1324
1256	1325
1257	1326
1258	1327
1259	1328,1329
1260	1330
1261	1331
1262	1332
1263	1333,1335
1264	1336
1265	1337
1266	1338,1340
1267	1341
1268	1342
1269	1343
1270	1344
1271	1345
1272,1273	1346,1347
1274	1348
1275	1349
1276	-1
1277	1350
-1	1351
1278	1352
1279	1353
1280	1354
1281	1355
1282	1356
1283	1357
1284	1358
1285	1359
1286	1360,1361
1287,1288	1362
1289	1363
1290	1364
1291	1365
1292	1366,1367
1293	1368
1294	1369
1295	1370
1296	1371
1297	-1
1298	1372
-1	1373
1299	1374
1300	1375
1301	1376,1377
1302,1303	1378
1304	1379
1305	1380
1306	1381
1307	1382
1308	1383
1309	1384
1310	1385,1386
1311	1387
1312	1388
1313	1389
1314	1390
1315	-1
1316	1391
-1	1392
1317,1318	1393
1319	1394
1320	1395
1321,1322	1396
1323	1397,1398
1324,1325	1399
1326	1400
1327	1401
1328	1402
1329,1330	1403,1404
1331	1405
1332	1406
1333	1407,1408
1334,1335	1409
1336	1410
1337	-1
1338	1411
-1	1412
1339	1413
1340	1414
1341	1415
1342	1416,1420
1343	-1
1344	1421
-1	1422
1345,1347	1423
1348	1424
1349	1425
1350	1426,1427
1351	1428
1352	1429,1430
1353	1431
1354	1432
1355,1357	1433
1358	1434
1359	1435
1360	1436
1361	1437
1362	1438
1363	-1
1364	1439
-1	1440
1365	1441
1366	1442
1367	-1
1368	-1
1369	-1
1370	1443
1371	1444
1372	1445
1373	-1
1374	-1
1375	-1
1376	1446
1377	1447
1378	1448
1379	1449
1380,1381	1450,1451
1382	-1
1383	-1
1384	-1
1385,1386	1452
1387	1453
1388	-1
1389	1454
1390,1392	1455
1393	-1
1394	-1
1395	-1
1396	-1
1397	-1
1398	-1
1399,1400	1456
1401	-1
1402	-1
1403	-1
1404,1405	1457
1406	-1
-1	1458
1407,1408	1459
1409,1410	1460
1411,1412	1461
1413	1462
1414	1463
1415	1464
1416,1418	1465
1419	-1
1420	1466
-1	1467
1421	1468
1422	1469,1471
1423	1472
1424	1473,1474
1425	-1
1426	1475
-1	1476
1427,1428	1477
1429	1478
1430	1479
1431	1480
1432	1481
1433	-1
1434	1482
-1	1483
1435	1484
1436	1485
1437	1486
1438	1487,1488
1439	1489,1490
1440	1491
1441	1492
1442	1493
1443	1494,1496
1444	1497
1445,1446	1498
1447	1499,1500
1448	-1
1449	1501
-1	1502
1450,1451	1503
1452	1504
1453,1454	1505
1455	1506,1507
1456	1508,1509
1457	1510
1458	-1
1459	1511
-1	1512
1460	1513
1461	1514,1515
1462,1463	1516
1464,1467	1517,1518
1468	1519
1469	1520,1521
1470	1522
1471	1523,1524
1472	1525
1473,1474	1526
1475	-1
1476	1527
-1	1528
1477	1529,1532
1478	1533,1535
1479	1536
1480	1537
1481	1538
1482	1539
1483	1540,1541
1484	1542,1547
1485,1486	1548,1549
1487	1550,1552
1488,1489	1553
1490	1554
1491	1555,1556
1492	1557
1493	-1
1494	1558
-1	1559
1495,1496	1560
1497	1561
1498	1562
1499	1563
1500	1564,1565
1501	1566
1502	1567,1568
1503	1569,1570
1504	-1
1505	1571
1506	1572,1573
1507,1508	1574
1509	1575,1576
1510	1577
1511	1578,1580
1512	1581,1582
1513	1583
1514,1515	1584
1516	1585,1586
1517,1518	1587,1589
1519	1590
1520	1591
1521	1592
1522	1593
1523	1594
1524	1595
1525	1596
1526,1527	1597
1528	-1
1529	1598
-1	1599
1530	1600
1531	1601
1532	1602
1533	1603,1604
1534	1605
1535	1606
1536	1607,1609
1537	1610,1611
1538	1612,1614
1539	-1
1540	1615
-1	1616
1541	1617
1542	1618
1543	1619,1621
1544	1622
1545,1546	1623
1547	1624,1625
1548	1626
1549	1627
1550	1628
1551	1629
1552	1630
1553	1631
1554	1632,1633
1555	1634
1556	1635
1557	-1
1558	1636
-1	1637
1559	1638
1560	1639
1561	1640
1562	1641
1563	1642,1644
1564,1565	1645
1566,1567	1646,1647
1568	1648
1569	1649,1650
1570	1651,1652
1571,1572	1653,1657
1573	1658
1574	1659
1575	1660
1576	1661
1577	1662
1578,1579	1663,1664
1580,1581	1665
1582	1666
1583	-1
1584	1667
-1	1668
1585	1669
1586	1670,1672
1587,1588	1673
1589	1674
1590,1591	1675
1592	1676
1593	1677
1594,1595	1678
1596	1679,1680
1597	1681
1598	-1
1599	1682
-1	1683
1600	1684
1601	1685,1686
1602	1687
1603	1688
1604	1689,1690
1605	1691
1606,1607	1692
1608,1610	1693,1695
1611	1696,1698
1612	1699
1613	-1
1614	1700
-1	1701
1615,1619	1702
1620	1703
1621	1704,1705
1622,1623	1706,1708
1624	1709
1625	1710
1626	1711
1627	1712
1628	1713
1629	1714
1630,1631	1715
1632,1633	1716,1717
1634	1718
1635	1719
1636	1720
1637	1721
1638	1722
1639	1723,1724
1640	1725,1727
1641	1728,1729
1642	1730
1643	1731
1644	1732,1733
1645	1734
1646	1735,1737
1647	1738
1648	1739
1649	1740,1741
1650,1651	1742
1652	1743
1653	1744
1654	1745
1655	1746,1747
1656	1748,1751
1657,1658	1752
1659	-1
1660	1753
-1	1754
1661	1755
1662	1756
1663	1757
1664	1758
1665	1759
1666	1760
1667	1761
1668,1669	1762
1670	1763
1671,1672	1764
1673	1765
1674,1675	1766,1768
1676	1769,1770
1677	1771
1678	1772
1679	1773
1680	1774,1776
1681	1777
1682	-1
1683	1778
-1	1779
1684	1780
1685	1781
1686	1782,1783
1687	1784,1785
1688,1689	1786,1787
1690	1788
1691	1789
1692	1790,1791
1693	1792
1694	1793
1695	1794
1696,1698	1795
1699	1796
1700	1797,1798
1701	1799,1800
1702	1801
1703	1802
1704	1803
1705	1804
1706,1707	1805,1806
1708,1710	1807
1711,1712	1808
1713	1809
1714	1810
1715	1811
1716	1812
1717	1813
1718	1814
1719	1815
1720	1816
1721	1817
1722	1818
1723	1819
1724	1820,1821
1725	-1
1726	1822
-1	1823
1727	1824,1825
1728	1826
1729	1827
1730	1828,1829
1731	1830
1732	1831
1733	1832
1734	1833,1834
1735	1835
1736	1836,1837
1737	1838
1738	1839
1739	1840
1740	1841
1741	-1
1742	1842
-1	1843
1743	1844
1744	1845
1745	1846
1746	1847,1849
1747	1850
1748	1851
1749	1852,1853
1750	1854,1855
1751	1856
1752	-1
1753	1857
-1	1858
1754	1859
1755	1860,1861
1756	1862
1757	1863,1864
1758	1865
1759	1866
1760	1867
1761	1868
1762	1869,1870
1763,1764	1871,1872
1765,1766	1873
1767	1874
1768	1875,1876
1769	1877,1880
1770	1881
1771	1882,1885
1772	1886
1773	1887
1774	-1
1775	1888
-1	1889
1776	1890
1777,1779	1891,1892
1780	-1
1781	1893
-1	1894
1782,1784	1895
1785	1896,1897
1786	1898
1787	1899,1900
1788	1901
1789	1902
1790,1791	1903
1792	1904
1793	1905,1906
1794	1907
1795	1908
1796	-1
1797	1909
-1	1910
1798,1799	1911
1800	1912
1801,1802	1913
1803	1914
1804	1915
1805	-1
1806	1916
-1	1917
1807,1808	1918
1809	1919
1810	1920
1811	1921,1923
1812	1924
1813	1925
1814,1815	1926
1816	1927
1817	1928
1818	-1
1819	1929
-1	1930
1820,1821	1931,1932
1822,1823	1933
1824	1934,1935
1825	1936
1826	-1
1827	1937
-1	1938
1828	1939
1829,1830	1940
1831	1941
1832	1942,1943
1833	-1
1834	1944
-1	1945
1835	1946,1947
1836,1837	1948
1838	1949
1839	1950
1840	1951
1841	1952
1842	1953,1954
1843	1955
1844	1956
1845,1846	1957
1847,1849	1958
1850	1959
1851	-1
1852	1960
-1	1961
1853	1962
1854,1856	1963
1857	1964
1858	1965
1859	1966,1967
1860	1968
1861	1969,1970
1862	1971
1863	1972
1864	1973
1865	1974
1866	1975
1867	1976
1868	1977
1869	-1
1870	1978
-1	1979
1871	1980
1872	1981
1873	1982,1983
1874,1875	1984
1876	1985
-1	1986
1877	1987
1878	1988
1879	1989
1880	1990
1881	1991
1882	1992
1883	1993
1884	1994
1885	-1
1886	1995
-1	1996
1887	1997
1888,1889	1998
1890	1999
1891	2000
1892	2001
1893,1894	2002
1895,1896	2003
1897	2004
1898	2005
1899	2006
1900	2007,2008
1901	2009,2010
1902,1903	2011
1904	2012,2013
1905	2014
1906	2015
1907	2016,2017
1908	2018,2019
1909	2020,2023
1910	2024,2031
1911	2032,2034
1912	2035
1913	2036
1914	2037,2038
1915	2039,2040
1916	2041
1917	2042,2044
1918	2045,2046
1919	2047
1920	2048
1921	2049,2051
1922	2052
1923	2053
1924,1925	2054
1926	2055
1927,1928	2056
1929	2057
1930	2058,2059
1931	-1
1932	2060
-1	2061
1933	2062
1934,1935	2063
1936	2064
1937	2065,2066
1938	2067
1939	2068
1940	2069
1941	2070
1942	2071
1943	2072,2073
1944	2074
1945,1946	2075,2076
1947	2077
1948	2078,2079
1949	2080
1950	2081
1951	2082
1952	2083
1953	2084
1954	2085,2086
1955	2087
1956	2088
1957	2089
1958	2090
1959	2091
1960	2092
1961	2093,2094
1962	2095
1963	2096,2098
1964	2099
1965,1966	2100
1967	2101
1968	-1
1969	2102
-1	2103
1970	-1
1971,1972	2104,2105
1973	2106
1974	2107
-1	2108
1975	2109
1976	2110,2111
1977	2112,2114
1978,1979	2115
1980,1981	2116
1982	2117
1983	-1
-1	2118
1984	2119
1985	-1
1986	2120
-1	2121
1987	2122
1988	2123
1989	2124
1990	2125,2126
1991	-1
1992	2127
-1	2128
1993	2129,2131
1994	2132
1995	2133
1996	2134,2135
1997	2136,2138
1998	2139,2140
1999	2141
2000	2142
2001	2143,2145
2002	2146,2147
2003	2148
2004	2149
2005,2007	2150
2008	-1
2009	2151
-1	2152
2010	2153,2154
2011	2155,2156
2012	2157
2013	2158,2159
2014	-1
2015	2160
-1	2161
2016,2017	2162
2018	2163
2019,2021	2164,2165
2022	2166,2167
2023	2168
2024	2169
2025	2170
2026	2171
2027	2172
2028	2173
2029,2030	2174,2175
2031	2176
2032	2177
2033,2034	2178,2179
2035	2180
2036	2181
2037	2182
2038	2183
2039	2184
2040	-1
2041	2185
2042	2186
2043	2187
2044	2188
2045	2189
2046	2190
2047	2191
2048,2050	2192,2194
2051	2195,2196
2052	2197
2053	2198,2200
2054,2057	2201
2058	2202,2203
2059	2204
2060	2205
2061	-1
2062	2206
-1	2207
2063	2208,2211
2064	2212
2065	2213,2215
2066	2216,2219
2067	2220
2068	2221,2222
2069	2223,2226
2070	2227
2071	2228,2229
2072	2230
2073	2231,2232
2074	2233,2234
2075	2235
2076	-1
2077	2236
-1	2237
2078,2079	2238
2080	2239
2081	2240
2082	2241,2242
2083,2084	2243,2244
2085,2086	2245
2087	2246,2247
2088	2248
2089	2249
2090	2250
2091	-1
2092	2251
-1	2252
2093	2253
2094	2254
2095	2255
2096	2256
-1	2257
2097,2098	2258
2099	2259
2100	2260,2263
2101	2264
2102	2265
2103	2266
2104	2267,2269
2105	2270
2106	2271,2272
2107	2273
2108	2274
2109	2275
-1	2276
2110	2277
2111	-1
2112,2113	2278
2114	2279
2115	2280
2116	2281
2117	2282
2118	2283
2119	2284,2285
2120	2286,2287
2121	2288
2122	2289
2123,2124	2290
2125	2291
2126	2292,2293
2127	2294
2128	2295,2297
2129	2298
2130	2299,2300
2131	2301,2302
2132,2133	2303
2134,2135	2304,2305
2136,2137	2306
2138	2307
-1	2308
2139	2309
2140	2310,2311
2141	2312
2142	2313,2314
2143	2315
2144	2316
2145	2317,2319
2146,2147	2320
2148	2321,2322
2149	2323
-1	2324
2150	2325,2326
2151	2327
2152,2153	2328
2154	2329,2330
2155	2331,2332
2156	2333
2157	2334,2335
2158	2336
2159	-1
2160	2337
-1	2338
2161	2339
2162	2340
2163	2341
2164	2342,2343
2165	2344
2166	2345
2167,2169	2346,2347
2170	2348,2349
2171	2350,2351
2172	2352
2173	2353,2354
2174	2355
2175,2176	2356
2177	2357
2178	2358
2179	2359,2360
2180	2361
2181	2362
2182	2363
2183	2364,2365
2184	2366,2367
2185	2368
2186	2369,2370
2187	2371
2188,2189	2372
2190	2373
2191	2374,2375
2192	2376
2193,2194	2377
2195	2378
2196,2197	2379
2198	2380
2199	2381
2200	2382
2201	2383,2385
2202	2386
2203	2387
2204	2388
2205,2206	2389
2207	2390
2208,2209	2391
2210	2392
2211	2393
2212	2394,2395
2213	2396,2397
2214	2398
2215	2399
2216	2400
2217,2218	2401,2403
2219	2404
2220	2405
2221	2406
2222	2407,2408
2223	2409
2224	2410
2225	2411
2226	2412
2227	2413
2228	2414
2229	2415
2230	2416,2417
2231	2418
2232	2419
2233,2235	2420
2236	2421
2237	2422,2423
2238	2424,2427
2239	2428
2240	2429,2430
2241	2431
2242	2432,2435
2243	2436
2244	2437
2245	-1
2246	2438
-1	2439
2247	2440
2248	2441
2249	2442,2444
2250	2445
2251	2446
2252,2253	2447
2254	2448,2449
2255	2450
2256	2451
2257	2452,2453
2258	2454,2455
2259	2456
2260,2261	2457
2262,2263	2458
2264	2459,2460
2265	2461
2266	2462
2267	2463
2268	2464
2269	2465,2466
2270	2467
2271	2468
2272	2469,2471
2273	2472
2274	2473
2275	2474
2276	2475
2277	2476,2478
2278	2479
2279	2480,2481
2280	2482
2281	2483
2282,2283	2484
2284	2485,2486
2285,2287	2487
2288	2488
2289	2489
2290	2490
2291	2491
2292	2492,2493
2293	2494,2495
2294	2496
2295	2497,2498
2296	2499
2297	2500
2298,2299	2501
2300	2502,2503
2301	2504
2302	2505
2303	2506,2507
2304,2305	2508
2306	2509
2307	2510
2308	2511,2513
2309	2514,2515
2310	2516,2517
2311	2518
2312	-1
-1	2519
2313	2520
2314	-1
2315	-1
-1	2521
-1	2522
-1	2523
-1	2524
2316	2525,2526
2317	2527
2318	2528
-1	2529
2319	2530
2320	-1
2321	-1
2322	2531
2323,2324	2532
2325	2533
2326	2534
2327	-1
2328	-1
2329	-1
-1	2535
-1	2536
2330	2537
2331	2538
2332	2539
2333	2540,2541
2334	-1
2335	2542
-1	2543
2336	2544
2337	2545
2338	2546
2339	2547
2340	2548
2341	2549
2342	2550
2343	2551,2552
2344,2345	2553,2554
2346	2555
2347	2556,2559
2348	2560
2349	2561,2562
2350	2563
2351	2564
2352,2353	2565
2354	2566
2355	2567
2356	2568
2357	2569,2570
2358	2571
2359	2572
2360	-1
2361	2573
-1	2574
2362,2363	2575
2364	2576
2365	2577
2366	2578
2367	2579
2368,2369	2580
2370,2371	2581,2582
2372	2583,2584
2373	2585
2374	2586
2375	2587
2376	2588
2377	2589
2378,2379	2590,2595
2380	2596
2381	2597
2382,2383	2598
2384,2385	2599
2386	2600
2387	2601
2388	2602
2389	2603
2390,2391	2604,2606
2392	2607,2608
2393	2609
2394	-1
2395	2610
-1	2611
2396	2612
2397,2398	2613
2399	2614,2616
2400	2617,2618
2401	2619
2402	2620,2621
2403	2622,2623
2404	2624
2405	2625
2406,2407	2626,2627
2408	2628,2629
2409	2630,2631
2410	2632,2634
2411,2412	2635
2413	2636,2637
2414	2638
2415	-1
2416	2639
-1	2640
2417,2418	2641
2419	2642
2420	2643
2421	2644,2646
2422	2647,2650
2423	2651,2652
2424,2425	2653
2426,2427	2654,2656
2428	2657
2429,2430	2658,2659
2431	2660
2432	2661,2663
2433	2664,2665
2434	2666
2435	2667
2436	2668,2670
2437	2671
2438	2672
2439	2673,2674
2440	2675
2441	2676
2442,2443	2677
2444	-1
2445	2678
-1	2679
2446	2680
2447	2681
2448	2682
2449	2683,2685
2450	2686
2451	2687,2690
2452,2453	2691,2692
2454	2693,2694
2455	2695
2456	2696
2457	-1
2458	2697
-1	2698
2459	2699
2460	2700
2461	2701,2702
2462	2703,2704
2463	2705
2464	2706,2707
2465	2708
2466	2709
2467	2710,2711
2468	2712
2469	2713
2470	-1
2471	2714
-1	2715
2472	2716
2473	2717,2719
2474	2720
2475	2721
2476	2722
2477	2723
2478	2724,2726
2479	2727
2480	2728
2481	2729
2482	2730
2483	-1
2484	2731
-1	2732
2485	2733
2486	2734,2737
2487	2738,2741
2488	2742,2746
2489	2747
2490	2748,2751
2491	2752,2753
2492	2754
2493	-1
2494	2755
2495	2756,2757
2496	2758
2497	2759
2498	2760
2499	2761,2762
2500	2763
2501	2764
2502	2765
2503	2766,2768
2504	2769
2505	2770
2506	2771,2772
2507	2773
2508,2509	2774
2510	2775
2511	2776,2777
2512	2778,2779
2513,2515	2780,2783
2516,2517	2784
2518,2519	2785,2786
2520	2787,2788
2521,2522	2789,2790
2523	2791,2793
2524	2794
2525	2795
2526	2796
2527	2797,2798
-1	2799
-1	2800
-1	2801
-1	2802
2528	2803,2804
2529	2805
2530	2806
2531	2807
2532	2808,2809
2533	2810
2534	2811,2813
2535	2814
2536	2815
2537	2816
2538	2817
2539	2818
2540	2819
2541	2820,2821
2542	2822,2823
2543,2544	2824
2545	2825
2546	2826
2547	2827
2548	2828
2549	2829
2550	2830
2551	2831
-1	2832
2552	-1
2553	2833
-1	2834
2554	2835
2555	2836,2841
2556	2842
2557	2843,2848
2558	2849
2559	2850,2853
2560	2854
2561	2855
2562	2856
2563	2857,2861
2564	2862,2865
2565	2866
2566	2867
-1	2868
2567	2869
2568	2870,2872
2569	2873,2874
2570	2875,2876
2571	2877
-1	2878
2572	2879
2573	2880,2882
-1	2883
2574	2884,2885
2575	2886,2888
-1	2889
2576	2890
2577	2891,2892
2578	2893,2894
2579	2895,2896
-1	2897
2580	2898
2581	2899,2901
2582	2902,2904
-1	2905
2583	2906
2584	2907
2585	2908,2910
2586	2911,2913
2587	2914,2915
2588	2916,2919
2589	2920
2590	2921
2591	2922,2923
2592	2924
2593	2925,2926
-1	2927
2594	2928
2595	2929,2931
-1	2932
2596,2597	2933,2934
2598	-1
2599	2935
2600	2936
2601	-1
2602	-1
2603	-1
2604	-1
-1	2937
2605,2606	2938,2941
2607	2942,2943
2608	2944,2946
2609	2947
2610	2948,2950
2611	2951
2612	2952,2953
2613	2954
2614,2615	2955,2956
2616	-1
-1	2957
2617	2958
2618	2959,2960
2619	2961,2962
2620	2963
2621	2964,2965
2622	2966
2623	2967
2624	2968
2625	2969,2970
2626	2971
2627	2972,2973
2628	2974
2629	2975
2630	2976,2978
2631	2979
2632	2980,2981
2633	2982
2634	2983
2635	2984
2636,2637	2985
2638	2986
2639,2640	2987,2988
2641	2989
2642	2990
2643	2991
2644,2645	2992,2993
2646	2994,2996
2647	2997,2999
2648	3000
2649	3001
2650	3002
2651	3003,3005
2652	3006
2653	3007
2654	3008
2655	3009
2656	3010
2657	3011
2658	3012,3014
2659	3015,3016
2660	3017,3018
2661	3019
2662,2664	3020,3021
2665	3022
2666	3023
2667	3024
2668,2669	3025
2670	3026
2671	3027
2672	3028
2673	3029,3030
2674	3031,3032
2675	3033,3034
2676	3035
2677	3036
2678	3037
2679	3038
2680,2681	3039,3040
2682	3041
2683	3042,3043
2684	3044
2685	3045
2686	3046,3048
2687	3049,3050
2688	3051,3052
2689	3053
2690	3054
2691,2692	3055
2693	3056
2694	3057,3058
2695	3059
2696	3060
2697,2698	3061
2699	3062
2700	3063
2701	3064
2702	3065
2703	3066
2704,2705	3067
2706,2708	3068,3070
2709	3071,3072
2710	-1
2711	3073
-1	3074
2712	3075
2713	3076,3077
2714	3078,3080
2715	3081,3082
2716	3083,3084
2717	3085
2718	3086
2719	3087,3088
2720	3089,3093
2721	3094
2722	3095,3096
2723	3097
2724	3098,3099
2725	3100
2726	3101
2727	3102
2728	3103
2729	3104
2730	3105
2731	3106
2732	3107
2733	3108
2734,2735	3109
2736	3110
2737	3111
2738	3112
2739,2740	3113
2741	3114
2742	3115
2743,2744	3116,3117
2745	3118
2746	3119
2747	3120,3121
2748	3122
2749	3123,3124
2750,2751	3125
2752	3126
2753	3127
2754	3128
2755	3129
2756,2757	3130
2758	3131
2759	3132
2760	3133
2761	3134
2762	3135
2763	3136
2764	3137
2765	3138,3139
2766,2767	3140,3141
2768	3142,3143
2769	3144,3146
2770	3147,3148
2771	3149
2772	3150,3151
2773,2774	3152
2775	-1
2776	3153
2777,2780	3154
2781	3155
2782	3156
2783,2784	3157
2785	3158
2786	3159
2787	3160
2788	3161
2789	3162
2790	-1
2791	3163
-1	3164
2792	3165,3166
2793	3167
2794	3168,3171
2795,2797	3172,3173
2798	3174
2799	3175
2800	3176
2801	3177
2802	3178,3180
2803	3181
-1	3182
2804	-1
2805	-1
-1	3183
-1	3184
-1	3185
2806	3186
2807	3187
2808	3188,3189
2809	3190
2810,2811	3191
2812	-1
-1	3192
2813	3193
2814	-1
2815	3194
2816	3195
2817,2818	3196,3197
2819	3198,3199
2820	3200
2821,2822	3201
2823,2825	3202,3203
2826	3204,3206
2827	3207
2828	3208
2829,2830	3209
2831	3210
2832	3211,3212
2833	3213
2834	3214
2835	3215
2836,2837	3216
2838	3217,3218
2839	3219,3220
2840	3221,3224
2841	3225
2842	3226
2843	3227
2844	3228,3229
2845	3230
2846	3231,3232
2847	3233,3234
2848	3235,3237
2849	3238
2850	3239,3240
2851	3241,3242
2852	3243
2853,2854	3244
2855	-1
2856	3245,3246
2857	3247
2858	3248
2859	3249
2860	3250
2861	3251
2862	3252
2863	3253,3254
2864	3255
2865	3256
2866,2867	3257,3258
2868	3259,3262
2869,2870	3263,3264
2871	3265,3266
2872	3267
2873	3268,3269
2874	3270,3271
2875	3272
2876	3273,3275
2877,2878	3276
2879	3277
2880	3278,3279
2881,2882	3280,3283
2883	3284
2884	3285
2885,2886	3286,3287
2887	3288,3289
2888	3290
2889,2890	3291
2891	3292
2892	-1
2893	3293
-1	3294
2894	3295
2895	3296
2896	3297
2897	3298
2898	3299
2899	3300
2900	3301
2901	3302
2902	3303
2903	3304
2904	3305
2905	3306
2906,2908	3307
2909	3308
2910	3309
2911	3310
2912	3311
2913	3312,3314
2914	3315
2915	3316
2916,2917	3317
2918	3318
2919,2920	3319
2921,2922	3320
2923	3321
2924	3322
2925	3323,3324
2926,2927	3325
2928	3326
2929	3327,3328
2930	3329,3330
2931	3331,3332
2932	3333
2933	3334
2934	3335,3336
2935	3337
2936	3338,3340
2937	3341
2938	3342
2939	3343,3344
2940	3345,3346
2941	3347
2942,2943	3348,3350
2944	3351,3352
2945	-1
2946	3353
-1	3354
2947,2948	3355
2949	3356,3357
2950	3358
2951,2952	3359,3360
2953	3361
2954	3362,3364
2955	3365
2956	3366,3367
2957	3368
2958	3369,3370
2959	3371,3372
2960	3373
2961	-1
2962	3374
-1	3375
2963	3376
2964	3377
2965	3378
2966	3379,3381
2967	3382
2968	3383,3384
2969	3385,3386
2970	3387
2971	3388,3389
2972	3390
2973	3391
2974	-1
2975	3392
-1	3393
2976	3394
2977	3395
2978	3396
2979	3397
2980	3398
2981	3399
2982	3400
2983,2984	3401
2985	3402
2986	3403,3404
2987	3405
2988	3406,3407
2989	3408
2990	3409
2991	3410
2992	3411
2993,2994	3412,3422
2995	3423,3424
2996,2997	3425
2998	3426,3427
2999	3428
3000	-1
3001	3429
-1	3430
3002	3431
3003	3432,3433
3004	3434,3435
3005	3436
3006	3437
3007,3008	3438,3439
3009	3440
3010	3441,3442
3011	3443,3444
3012	-1
3013	3445
-1	3446
3014	3447,3448
3015	3449
3016	3450
3017	3451,3452
3018	3453
3019	3454
3020	-1
3021	3455
-1	3456
3022	3457,3459
3023	3460,3461
3024	3462
3025,3026	3463
3027	3464,3465
3028	3466,3467
3029	3468
3030	3469
3031	3470,3471
3032	3472
3033	3473
3034	3474
3035	-1
3036	3475
-1	3476
3037	3477,3479
3038	3480
3039,3040	3481,3482
3041	3483
3042	3484
3043	3485,3486
3044	3487,3489
3045	3490
3046	3491
3047	-1
3048	3492
-1	3493
3049	3494,3495
3050	3496
3051	3497
3052	3498,3499
3053	3500
3054	3501
3055	3502
3056	-1
3057	3503
-1	3504
3058	3505
3059	3506
3060	3507
3061	3508
3062	3509,3510
3063	3511,3512
3064,3065	3513,3514
3066	3515
3067	3516
3068	3517
3069	3518
3070	3519,3520
3071	3521,3522
3072	3523
3073,3074	3524,3525
3075	3526
3076	3527,3528
3077,3078	3529
3079	3530,3531
3080	3532
3081	3533
3082	3534,3535
3083	3536
3084	3537
3085	3538
3086	-1
3087	3539
-1	3540
3088	3541
3089	3542,3543
3090	3544
3091	3545
3092	3546
3093	3547
3094	3548
3095	3549
3096	-1
3097,3098	3550,3551
3099	3552,3553
3100	3554
3101	3555
3102	3556
3103	3557
3104,3105	3558,3559
3106	3560
3107	3561
3108	3562,3563
3109,3110	3564,3565
3111	3566
3112	3567
3113	3568
3114	3569,3571
3115	3572,3573
3116	-1
3117	3574
-1	3575
3118	3576,3577
3119	3578,3579
3120	3580
3121	3581,3582
3122	3583
3123	3584
3124	3585,3586
3125,3126	3587,3588
3127	3589,3590
3128	3591
3129	-1
3130	3592
-1	3593
3131	3594
3132	3595,3596
3133,3134	3597
3135	3598
3136	3599
3137	3600
3138	3601,3602
3139	3603,3605
3140	3606,3607
3141	3608
3142	3609
3143	3610,3611
3144	3612,3615
3145	3616,3618
3146	3619,3620
3147	3621
3148	3622,3623
3149	3624
3150	-1
3151	3625
-1	3626
3152	3627
3153	3628,3630
3154	3631
3155	3632
3156	3633
3157	-1
3158	3634
-1	3635
3159,3161	3636
3162	3637
3163	3638
3164	3639
3165	3640
3166	3641
3167	-1
3168	3642
3169	3643
3170	3644,3645
3171	3646,3647
3172	3648
3173	3649
3174	3650,3651
3175	-1
3176	-1
3177	3652
-1	3653
3178	3654
3179	3655
3180	3656
3181	3657
3182	3658
3183	3659
3184	3660,3662
3185,3186	3663,3664
3187	3665
3188	3666
3189	-1
3190	3667
-1	3668
3191	3669,3670
3192	3671
3193	3672,3673
3194,3195	3674,3675
3196	3676
3197	3677,3678
3198	3679
3199	3680
3200	3681
3201	3682
3202	3683,3684
3203	-1
3204	3685
-1	3686
3205	3687
3206	3688
3207	3689
3208	3690,3691
3209	3692
3210	3693,3695
3211,3212	3696,3697
3213	3698
3214	-1
3215	3699
3216	3700
3217	3701
3218	3702
3219	3703
3220	3704
3221	3705,3706
3222	3707,3709
3223	3710,3711
3224	3712,3714
3225	3715,3716
3226	3717,3718
3227	3719,3720
3228	3721
3229	3722,3725
3230	3726
3231	3727
3232	3728
3233	3729
3234	-1
3235	3730
-1	3731
3236	3732,3734
3237	3735
3238	3736
3239	3737,3738
3240	3739,3740
3241	3741
3242	-1
3243	3742
-1	3743
3244	3744,3745
3245	3746,3748
3246	3749,3750
3247	-1
3248	3751
-1	3752
3249	3753
3250	3754
3251	3755
3252	3756,3757
3253	3758
3254	3759
3255	3760,3761
3256	3762
3257	-1
3258	-1
3259	3763
-1	3764
3260	3765,3767
3261	3768
3262	3769
3263	3770,3771
3264	3772,3773
3265	3774,3775
3266	3776
3267	3777
3268	-1
3269	3778
-1	3779
3270	3780
3271	3781,3783
3272	3784
3273,3274	3785,3787
3275	3788,3789
3276,3277	3790
3278	3791
3279	3792
3280	3793
3281	3794
3282	3795
3283	3796
3284	-1
3285	3797
-1	3798
3286	3799,3800
3287	3801,3802
3288	3803
3289	3804,3805
3290	3806,3807
3291	3808
3292	-1
3293	3809
-1	3810
3294	3811
3295	3812,3814
3296	3815,3816
3297	3817,3818
3298	3819
3299	3820
3300	3821
3301	3822,3823
3302	3824
3303	3825
3304	3826,3828
3305	3829
3306	3830
3307	3831
-1	3832
3308	3833,3835
3309,3310	3836,3837
3311	3838
3312	3839
3313	3840
3314	3841
3315	3842,3843
3316	3844,3845
3317,3318	3846
3319	3847
3320	3848,3849
3321	3850
3322	3851
3323,3324	3852
3325	3853
3326	-1
3327	3854
-1	3855
3328,3329	3856
3330	3857,3859
3331	3860
3332	3861,3862
3333	3863
3334	3864
3335,3336	3865
3337	3866
3338	3867,3868
3339	3869,3870
3340	3871,3872
3341	3873,3874
3342	3875,3879
3343	3880
3344	3881,3882
3345	-1
3346	3883
-1	3884
3347	3885
3348	3886,3888
3349	3889
3350	3890
3351	3891
3352,3353	3892
3354	3893,3894
3355	3895,3896
3356	3897
3357	-1
3358	3898
-1	3899
3359,3360	3900
3361	3901
3362	3902
3363,3364	3903
3365	3904
3366	3905
3367	3906
3368	-1
3369	3907
-1	3908
3370	3909
3371	3910
3372	3911
3373	3912
3374	3913
3375	3914,3915
3376,3377	3916
3378	3917
3379	3918
3380,3381	3919
3382,3383	3920,3921
3384	3922
3385	3923,3924
3386	3925
3387	3926,3927
3388	3928,3932
3389	3933
3390	3934
3391	3935
3392,3393	3936
3394	3937
3395	3938
3396	3939
3397	3940,3943
3398	3944,3945
3399	3946,3947
3400	3948,3949
3401	-1
3402	3950
-1	3951
3403	3952
3404	3953,3954
3405	3955
3406	3956
3407	3957
3408	3958
3409	3959
3410	3960,3962
3411	3963
3412	3964,3965
3413	3966
3414	3967
3415	3968
3416,3417	3969
3418	3970,3972
3419	3973,3974
3420	3975
3421,3422	3976
3423	3977
3424	3978
3425	3979,3980
3426	3981,3982
3427	3983
3428	3984
3429	3985,3986
3430	3987,3988
3431	3989
3432	3990
3433	3991
3434,3435	3992
3436	3993
3437,3438	3994
3439	-1
3440	3995
-1	3996
3441	3997,3998
3442	3999
3443	4000,4001
3444	4002
3445	4003,4005
3446	4006
3447	4007,4009
3448	4010
3449	4011
3450	-1
3451	4012
-1	4013
3452	4014,4015
3453	4016
3454	4017
3455	4018
3456	4019
3457	4020,4021
3458	4022
3459	4023
3460	4024
3461,3462	4025
3463	4026
3464	4027,4028
3465	4029,4030
3466	4031
3467	4032
3468,3469	4033,4035
3470	4036
3471	-1
3472	4037
-1	4038
3473	4039
3474	4040
3475	4041,4042
3476	4043,4045
3477	-1
3478	4046
-1	4047
3479,3481	4048,4050
3482	4051
3483	4052
3484	4053
3485	4054
