0	0,1
1	2,3
2	4,5
3	6,7
4	8,9
5,6	10
7	11
8	12,13
9,10	14,15
11	16
12	17
13	18
14	19
15	20
16	21,22
17	23
18	24
19	25
20	26
21	27,28
22	29
23	30
24,25	31
26	32
27	33
28	34,35
29	36
30,32	37
33	38
34,35	39
36	40
37,38	41
39	42
40	-1
41	-1
42	43
43	44
44	45
45	46
46	47,48
47	49,52
48	53,54
49	55,56
50	57
51	58,59
52	60
53	61
54	62,63
55	64
56	65
57,58	66,67
59	68
60	69,70
61	71,73
62,63	74
64	75
65	76,77
66	78
67	79
68	80
69,70	81
71	82
72	83,84
73	85,87
-1	88
74	-1
75	89
-1	90
76	-1
77	-1
78	91
79	92,93
80	94
81,84	95,99
85	100
86	101,103
87	104,105
88,89	106
90	107
91	108,109
92	110
93	111
94	112
95	113
-1	114
96	-1
97	-1
98,99	115,122
100	123
101	-1
102	-1
103	124,126
104	127
105	128,130
106	131
107	132
108	133,134
109	135
110	136
111	137
112	138,139
113	140
114	-1
115	141
116	142
117	143
118	144,145
119	146
120	147
121	148,149
122	-1
123	150
124	151
125,126	152,153
127	154
128	-1
129	155
130	156
131	157
132	158,159
133,134	160,161
135	162
136,137	163
138	164
139	-1
140	-1
141,143	165,166
144	167
145	-1
146	168
147	169
148	170
149	171,172
150	173,174
151,153	175,176
154	177
-1	178
155	-1
156	-1
157	179
158	180
159,160	181,183
161	-1
162	184
163,164	185
165	186
166,167	187,188
168	189
169	-1
170	-1
171	190
172	191
173	192,193
174	194
175	195,197
176	198
177	199
178	200
179	201
180	-1
181,183	202,203
184	204
185	205
186	206
187	207
188	208
-1	209
-1	210
189	-1
190	-1
191	211,213
-1	214
192	-1
193	-1
194	215,217
195	218
196	219
197	-1
198	-1
199	220,221
200	222
201,202	223
203	-1
204,205	224,226
206	227,228
207	229,230
208,209	231
210	232
211	233
212,213	234,235
214	236
215	237
216	238
217	239,242
218	243
219	244,246
220	247
221	248
222	249
223	250,251
224	252
225	253
226	254
227	-1
228	255
229	256
230	257,258
231	259
232	260
233	261
234	262
235	263
236	264,265
237,238	266,267
239	268,269
240,241	270,271
242	272,276
243	277
244	278
245	279,280
246	-1
247	-1
248	281,282
249,250	283
251	284
252	285
-1	286
253	-1
254,255	287,290
256,257	291
258	292,293
-1	294
259	-1
260	-1
261	295,296
262	297
263	298
264	299
265	300
266	-1
267	301
268,269	302,303
270	304,305
271,272	306
273	307
274	308
275	309
276	310
277	311
278	312
279	313
280	-1
281,283	314,315
284	316
285,286	317,318
287	319
-1	320
288	-1
289	-1
290	-1
291	-1
292	321
293,294	322
295	323
296	324
-1	325
297	-1
298	-1
299	326,327
300	328
301	-1
302	329
303	330
304	331
305	332
306	-1
307	333
308	334,336
309	337
310	338
311	339
312,313	340
314	341
315	342,343
316	344
317	345
318	-1
319	-1
320	346,347
321,322	348
323,324	349
325,326	350,351
327	352
328	-1
329	-1
330	353,355
331,332	356,357
333	358
334	359
-1	360
335	-1
336,337	361,362
338	-1
339	-1
340	363,364
341	365
342	366
343	367,368
344	369
345	370
346,347	371
348	-1
349	372
350	373,375
351	376,377
352	378
353	379,380
354	381
355	-1
356	382
357	383
358,359	384
360	-1
361,362	385
363	386
364	387
365,366	388
367	389
368,369	390
-1	391
370	-1
371	-1
372	392
373	393,394
374,375	395,396
376	397,398
-1	399
377	-1
378	-1
379	400,401
380,381	402
382	403,404
383	405
384	406
-1	407
385	-1
386	-1
387	408,410
388,390	411
391	-1
392	412
393	413,414
394,395	415,417
-1	418
396	-1
397	-1
398	419,420
399,400	421,422
401	423
-1	424
402	-1
403	-1
404	425
405	426
406,407	427
408	428
409,410	429
411,412	430
413	431,432
-1	433
414	-1
415	-1
416	434
417	435
418	-1
419,420	436,437
421	438
422	439
-1	440
423	-1
424	-1
425	441,443
426	444
-1	445
427	-1
428	-1
429,430	446
431,432	447
433	448
434,435	449
436	450
437	-1
438	-1
439	451,454
440	455,456
441	457
442,443	458
444	459
445	460
446	461
447	462
448	463
449	464
450	465,466
451,452	467
453	468,469
454	470
455,456	471
457,458	472
459	473
460	474
461	475,477
462	478
463	479
464,465	480,481
466	482,483
467	484
468,469	485,486
470	487
471	488
472	489,491
473,474	492
475	493
476,477	494
478	495
479	496
480	497
481	498
482	499
483	-1
484	500
485	501
486	502,503
487	504
488	505
489	506
490	-1
491	507
492,495	508
496	509
497	510
498	511
499	-1
500	-1
501,502	512,513
503	514,515
504	516
505,506	517
507	-1
508	518
509,510	519
511,512	520
513	521,522
514	523
515	524
516	525
517	526
518	527
519	528
-1	529
520	-1
521	-1
522	530,531
523,524	532
525	533
526	534,536
527	537
528,529	538,541
530	542
531	543
532	-1
533	544
534,535	545
536	546
537	547
538	548
539	549
540	550
-1	551
541	552,553
542	554
543	555
544	556
545	-1
546	-1
547,548	557,558
549	559
550	560
-1	561
551	-1
552	-1
553	562
554	563,565
555	566
556	567
557	568,570
558	571
559	572
560	573
561	574
562	575
563	576
564	-1
565	-1
566	577
567	578,579
568	580
569	581
-1	582
570	-1
571	-1
572	583
573	584,585
574	-1
575	586
576	587
577	588
578	589
579	590
-1	591
580	-1
581	-1
582	592,596
583	597
584,585	598
586	599
-1	600
587	-1
588	-1
589	601
590	602
591	603
592	604
593	605
594	606
595	607
596	608
597	609,610
598	-1
599,600	611,612
601	613,614
602	615
603	616,618
604	619
605	620,623
606	624,625
607,608	626
-1	627
609	-1
610	-1
611	628,629
612	630
-1	631
613	-1
614	-1
615	632
616	633,634
617	635
618	636
-1	637
619	-1
620	-1
621	638,639
622	640
623	641
624	642
625	643
626	644
627	645
628	646,648
629	649
630	650,651
631	652
-1	653
632	-1
633	-1
634	654
635,636	655
637,638	656
639	657,658
640	659,662
641	663,665
642	666
643	667
644	668
645	669
646	670
-1	671
647	-1
648	-1
649	672
650	673
651	674,675
652	676
653	677
654	678
655	679
656	680
657	681
658	682,683
659	684,685
660,661	686
662	687
663	688,691
664	692
665	693,694
-1	695
666	-1
667	-1
668	696
669	697,699
670	700
671,672	701
673	702
674	703
675	704
676,677	705,706
678	-1
679	-1
680	707,708
681	709
682	710,712
683	713,714
684	715
685	716
686,687	717
688	718,720
689	721
690	722
691,698	723,729
699	-1
700	730
701,703	731,735
704	736
705	737,739
706	740
707	741
708	742
709	743
710	744
-1	745
711	-1
712	-1
713	746,748
714	749,751
715	752,753
716	754
717	755,757
718	-1
719	758
720	759,762
721	763
722	764,766
723	767
724	768
725	769
726	770
727	771,772
728	773,774
729	775
730	776,777
731	778
732	779
733	780,781
734	782
735	783
736	784,786
737	787,789
738	790
739	791
740	792
741	793,794
742	795,796
743	797,799
744	800
745	801
746	802,803
747	804,805
748,749	806,808
750	-1
751	809
752	810
753	811
754	812
755,756	813,815
757	816
758	817
759	818
760	819
761,762	820,821
763	822,823
764	824
-1	825
765	-1
766	-1
767,768	826,827
769	828
770	829,830
771	-1
772,774	831,832
775	833,834
776	835
777	836
778	837
779	838
780	839
781	840
782	841
783	-1
784	-1
785,786	842,843
787	844,845
788	846
789,790	847,848
791	849
792	850,851
793	852
794	853
795	854
796	855
797	856
798	857
799	858
800	-1
801	-1
802	859,860
803	861,862
804	863
805	864,866
806	867
807,808	868
809	869
810	870,871
811	872
812	873
813,815	874
816	875,876
817,818	877
819	878,879
820,821	880
822	881
823	882
824	883
825	884
826	885,887
827	888,889
828	890
829	891
830	892
831	-1
832	-1
833	893,894
834	895
835	896
836	897
837	898
838	899
839,840	900
841	901
842	902
843	-1
844	-1
845,846	903,904
847	905
848	906
849	907
850	908,909
851	910,911
852	912
853	913
-1	914
854	-1
855	-1
856	915
857	916
858	917
859	918,919
860	920
861,862	921
863	922
864	923
865	924,925
866,867	926
868	927
-1	928
869	-1
870	-1
871,872	929
873	930
874,875	931
876	932
877	933,934
-1	935
878	-1
879	-1
880	936,937
881	938
882,883	939,942
884	943,944
885	945
886	946,947
887	948
888,889	949,950
890,891	951,952
892	953
893	954
-1	955
894	-1
895	-1
896	956
897	957
898	958
899	959
900	960
901	961
902,903	962
904	963,964
905	965
-1	966
906	-1
907	-1
908	967
909	968,969
910,911	970
912	971
913	972
914,915	973
916	974
917,918	975
919	976
920	-1
921	-1
922	-1
923	-1
924	-1
925	-1
926	-1
927	-1
928	-1
929	-1
930	-1
931	-1
-1	977
932	-1
933	-1
934	978
935	979
936	980
937,938	981
939	982
940,941	983
942	984
943,944	985,986
945	987
946,947	988,989
-1	990
948	-1
949	-1
950	991
951	992
952,953	993
954,955	994
956,957	995
958,959	996
960	997,998
961	-1
962	-1
963	999,1000
964	1001,1002
965,966	1003
967	1004
968	1005
969	1006
970	1007
-1	1008
971	-1
972	-1
973	1009
974,975	1010,1011
976	1012
977	1013
978,979	1014
980	-1
981,982	1015,1017
983	1018
984	1019
985	1020
986,987	1021
988	1022,1023
989	1024
990	1025
991,992	1026
993	1027,1028
994	1029
995	1030
996,997	1031
998	1032
999,1000	1033
1001	1034
1002	1035
1003	1036
1004	1037
1005	1038
1006	-1
1007,1008	1039,1041
1009	1042
1010	1043,1044
1011	-1
1012	1045
1013,1016	1046,1050
1017	1051,1052
1018,1019	1053,1054
1020	1055
1021	1056,1057
1022	1058
1023	1059
1024	1060
1025	1061
1026,1027	1062
1028	1063
1029	1064
1030	1065
1031	1066
1032	-1
1033	1067
1034	1068
1035	1069
1036	1070
1037	1071
1038	1072
-1	1073
1039	-1
1040	-1
1041	1074
1042	1075,1076
1043	1077,1078
1044	1079,1081
1045	-1
1046	1082
1047	1083
1048	1084
1049	1085
1050	1086
-1	1087
1051	-1
1052	-1
1053	1088
1054	1089
1055	1090
1056	1091,1092
-1	1093
-1	1094
1057	-1
1058	-1
1059	1095,1096
1060	1097,1098
1061	1099,1100
1062,1063	1101,1102
1064	-1
1065	-1
1066	-1
1067	1103,1104
1068,1069	1105,1107
1070	1108
1071	1109,1110
1072,1073	1111
1074	1112,1113
1075	1114
1076	1115
1077	1116
1078	1117
1079	1118
1080	1119
1081	1120
1082	1121
1083	-1
1084	-1
1085	1122,1123
1086	-1
1087	-1
1088	-1
1089	1124,1125
1090	1126
1091	1127
1092	1128
1093	1129
1094	-1
1095,1097	1130,1131
1098,1099	1132,1133
1100,1103	1134
1104	1135
1105,1106	1136
1107	-1
1108	-1
1109,1110	1137
1111,1112	1138,1139
1113,1114	1140
1115	1141
1116	1142
1117	1143
-1	1144
1118	-1
1119	-1
1120	1145
1121	1146
1122	1147
1123	1148,1149
1124	1150
1125	1151
1126	1152
1127	1153
1128	1154
1129,1130	1155
1131	-1
-1	1156
1132	-1
1133	-1
1134	1157,1158
1135	1159
1136	1160
1137	1161
1138	1162
1139	1163
1140	1164,1166
1141	-1
1142	-1
1143	-1
1144	-1
1145	1167
1146	1168,1169
1147,1148	1170
1149,1151	1171,1172
1152	1173
1153	1174,1175
1154,1155	1176
1156	1177
1157	1178
1158,1159	1179
1160,1161	1180,1181
1162	1182,1183
1163,1165	1184,1185
1166	1186
1167	1187
1168	1188
1169	1189
1170	1190
1171,1172	1191
1173,1174	1192,1193
1175	1194
1176	1195,1196
1177	1197
1178	-1
1179	1198
1180	1199
1181	1200
1182	1201
1183	1202,1204
1184	1205,1206
1185	1207
1186	1208
1187	1209
1188	1210
1189	1211,1213
1190	1214
1191	1215
1192	1216
1193	1217
1194	1218
1195,1196	1219
1197	1220
1198	1221
1199	1222
1200	1223,1224
1201,1202	1225,1226
1203,1204	1227,1228
1205	-1
1206	-1
1207	1229
1208	1230
1209	1231,1232
1210	1233,1235
1211	-1
1212	1236
1213	-1
1214,1215	1237,1238
1216	1239,1240
1217	-1
1218	1241
1219	1242,1243
1220	1244
1221	1245,1246
1222	1247,1248
1223	1249
1224	1250
1225	1251
1226	1252
1227	1253
1228	1254
1229	1255
1230,1232	1256,1257
-1	1258
1233	-1
1234	-1
1235	-1
1236	-1
-1	1259
1237	-1
1238	-1
1239,1240	1260
1241	1261
1242	1262
1243	1263
1244	1264
1245	1265
1246	1266
1247	1267
1248	1268
1249	1269,1270
1250	1271
1251	1272
1252,1253	1273,1274
1254	1275
1255	1276,1277
1256	1278
1257	1279,1280
1258	1281,1282
1259,1260	1283
1261	1284
1262	1285
1263	1286,1288
1264	1289,1290
1265,1266	1291,1293
1267	1294
1268	1295
1269	1296
1270,1271	1297
1272	1298
1273	1299
1274	1300
1275	1301
-1	1302
1276	-1
1277	-1
1278,1279	1303
1280	1304
1281	1305
1282	1306
1283	1307
1284,1285	1308
1286	1309,1311
1287	1312
1288	1313
1289	1314,1315
1290	1316
1291	1317
1292	1318,1319
1293	1320,1321
1294,1295	1322
1296	1323
1297	-1
1298	1324
1299,1301	1325,1328
1302	1329
1303	1330
1304,1305	1331
1306	1332,1333
1307	1334
1308	1335
1309	1336
1310	1337
1311,1312	1338,1339
1313	1340
1314	1341,1342
-1	1343
1315	-1
1316	-1
1317,1318	1344,1345
1319	1346,1347
1320	1348
1321	1349
1322	1350
1323,1324	1351,1352
1325	1353
1326	1354
1327	1355
1328	1356
1329	1357,1358
1330	1359
1331	1360,1361
1332	1362
1333	1363
1334	1364
1335	1365
1336	1366
-1	1367
1337	-1
1338	-1
1339	1368
1340	1369,1370
1341	1371
1342	1372,1375
-1	1376
1343	-1
1344	-1
1345,1346	1377
1347	1378
1348	1379,1380
1349	1381
1350	1382
1351	1383
1352	1384
1353	1385
1354	1386
1355,1357	1387
1358	1388
1359	1389
1360	1390
1361	1391
1362	1392,1393
1363	-1
1364,1366	1394,1395
1367	-1
1368	-1
1369	-1
1370,1372	1396,1397
1373	-1
1374	-1
1375	-1
1376	-1
1377,1379	1398
1380,1381	1399,1400
1382	-1
1383	-1
1384	-1
1385	-1
1386	1401
-1	1402
1387	-1
1388	-1
1389	-1
1390	1403
1391	1404
-1	1405
-1	1406
1392	-1
1393	-1
1394	-1
1395	-1
1396	-1
1397	-1
1398	-1
1399	-1
1400	-1
1401	-1
1402	-1
1403	-1
1404,1405	1407
1406	-1
1407	-1
1408	-1
1409	1408
1410	1409,1410
1411	-1
1412	-1
1413	-1
1414	-1
1415	1411
1416,1418	1412,1413
1419	-1
1420	-1
1421	1414
1422	1415,1416
1423	1417,1419
1424	1420,1421
-1	1422
1425	-1
1426	-1
1427,1428	1423
1429,1430	1424,1425
1431,1432	1426
-1	1427
1433	-1
1434	-1
1435	1428
1436	1429,1430
1437	1431
1438	1432,1433
1439	1434
1440	1435
1441	1436
1442	1437,1438
1443	1439,1440
1444	1441
1445,1446	1442
1447	1443
-1	1444
1448	-1
1449	-1
1450	1445
1451,1453	1446,1447
1454,1455	1448,1449
1456	1450,1451
1457	1452
-1	1453
1458	-1
1459	-1
1460	1454
1461	1455
1462,1463	1456
1464,1467	1457,1459
1468	1460
1469	1461
1470,1471	1462
1472,1473	1463
1474	1464
1475	-1
1476,1477	1465,1466
1478	1467,1468
1479	1469
1480,1481	1470
1482,1483	1471,1473
1484	1474,1476
1485	1477,1478
1486	1479
1487	1480
1488,1489	1481,1482
1490	-1
1491	1483
1492	-1
1493	-1
1494	1484
1495	1485
1496,1497	1486
-1	1487
1498	-1
1499	1488
1500	1489
1501	1490
1502	1491
1503	1492,1493
1504	-1
1505,1506	1494,1495
-1	1496
1507	-1
1508	1497,1498
1509	1499,1500
1510,1511	1501,1504
1512,1513	1505,1507
1514,1515	1508
1516	1509
1517	1510,1513
1518	1514
1519	1515
1520	1516
1521	1517
1522,1523	1518
1524	1519
1525	1520
1526,1527	1521,1522
-1	1523
1528	-1
1529,1530	1524
1531	1525
1532,1533	1526
1534	1527
1535	1528
1536	1529,1530
1537	1531
1538	1532
1539	-1
1540	-1
1541	1533,1534
1542	1535
1543	1536,1537
1544	1538
1545	1539,1540
1546,1547	1541
1548,1549	1542
1550	1543
1551	1544,1545
1552	1546
1553	1547
1554	1548
1555	1549
1556	-1
1557	-1
1558	1550
1559	1551,1552
1560	1553
1561	1554
1562	-1
1563	1555,1556
1564,1565	1557
1566	1558
1567	1559,1560
1568	1561
1569	1562
1570,1572	1563,1567
1573	1568
1574	1569
1575	1570
1576	1571
1577	1572
1578	1573
1579	1574
1580,1581	1575
1582	1576
1583	-1
1584	1577
1585	1578
1586	1579,1581
1587	1582
1588	1583,1584
1589	1585
1590,1591	1586
1592,1593	1587
1594,1595	1588
1596	1589
1597	1590
-1	1591
1598	-1
1599	-1
1600	1592
1601	1593,1594
1602	1595
1603	1596
1604	1597,1598
1605	1599
-1	1600
1606	1601
1607	1602
1608,1609	1603
1610	1604
1611	1605,1606
1612	1607
1613	-1
1614	1608
1615	1609
1616,1617	1610,1611
1618	-1
1619	1612
1620	1613
1621	1614,1615
1622	1616
1623	1617
1624	1618,1619
1625	1620
1626	1621
1627	1622
1628	1623
1629	1624,1625
1630	1626
1631	1627
1632	1628,1629
1633	1630
1634	1631
1635	1632,1633
1636	1634
1637	1635
1638	1636,1637
1639	1638
1640	1639
1641	1640,1642
1642	1643
1643,1644	1644,1645
1645	1646
1646	1647,1648
1647	1649
1648	1650
1649	1651,1653
1650,1651	1654
1652	1655
1653	1656,1657
1654,1655	1658,1659
1656	1660,1661
1657	-1
1658	-1
1659	-1
1660	-1
1661	1662
1662	1663
1663	1664
1664	1665
1665	1666
1666,1669	1667,1668
1670	1669,1670
1671,1672	1671
1673	1672
1674,1675	1673,1675
1676	1676
1677	1677
1678	1678
1679	1679
1680	1680,1681
1681	1682
1682	-1
1683	1683
1684	1684
1685	1685,1686
1686	1687,1688
1687	1689,1690
1688,1689	1691
1690	1692
1691	1693
1692	1694,1695
1693	1696
1694	1697
1695	1698
1696,1698	1699
1699	1700
1700	1701,1702
1701	1703
1702	1704
1703	1705
1704	1706
1705,1707	1707,1709
1708,1710	1710,1711
1711,1712	1712
1713	-1
1714	-1
1715	1713,1714
1716	1715
1717	1716,1717
1718	1718
1719,1720	1719,1720
1721	1721
1722	1722
1723	1723
1724	1724
-1	1725
1725	-1
1726	-1
1727	1726
1728	1727
1729	1728,1729
1730	1730
1731	1731,1732
1732,1733	1733
1734	1734,1735
1735,1736	1736,1737
1737	1738
1738	1739
1739	1740
1740	1741
-1	1742
1741	-1
1742	-1
1743	1743
1744,1745	1744
1746	1745
1747,1748	1746
1749	1747,1748
1750	1749
1751	1750,1751
-1	1752
1752	-1
1753	-1
1754	1753
1755	1754
1756	1755
1757	1756,1757
1758,1759	1758
1760	1759
1761	1760
1762	1761,1762
1763,1764	1763,1764
1765	1765
1766	1766
1767	1767,1768
1768	1769
1769	1770,1775
1770	1776
1771	1777,1779
1772	1780
1773	1781
1774	-1
1775	1782
1776	1783
1777	1784
1778	1785
1779	1786
1780	-1
1781	-1
1782	1787
1783	1788
1784	1789
1785	1790
1786	1791
1787	1792,1793
1788,1790	1794,1795
1791,1792	1796
1793	1797,1798
1794,1795	1799
1796	-1
1797	1800
1798,1799	1801
1800	1802
1801,1802	1803
1803,1804	1804
1805	-1
1806	1805
1807	1806
1808	1807
1809	1808
1810	1809
1811	1810,1811
1812	1812,1813
1813,1814	1814,1815
1815	1816
1816	1817
1817	1818
1818	-1
1819	1819
1820,1821	1820,1821
1822,1823	1822
1824	1823
1825	1824
-1	1825
1826	-1
1827	-1
1828	1826,1827
1829	1828
1830,1831	1829
1832	1830,1831
1833	-1
1834	1832
1835	1833,1834
1836	1835
1837	1836
1838	1837
1839	1838
1840	1839
1841	1840
1842	1841
1843	1842
1844	1843
1845	1844
1846	1845
1847	1846
1848	1847
1849	1848
1850	1849,1850
1851	-1
1852	-1
1853,1854	1851,1852
1855,1856	1853
1857	1854
1858	1855
1859,1860	1856
1861	1857
1862,1863	1858
1864	1859,1860
1865	1861
1866	1862
1867,1868	1863,1864
-1	1865
1869	-1
1870	-1
1871	1866
1872	1867
1873	1868,1869
1874	1870
1875	1871
1876	1872
1877	1873,1874
1878	1875
1879	1876
1880	1877
1881	1878
1882	1879
1883	1880,1881
1884	1882
1885	-1
1886,1888	1883,1884
1889	1885,1886
1890	1887
1891	1888
1892	1889
1893,1894	1890
1895,1896	1891
1897	1892
1898	1893,1894
1899	1895
1900	1896,1897
1901	1898,1900
1902,1903	1901
1904	1902,1904
1905	1905
1906	1906,1907
1907	1908,1909
1908	1910,1911
1909	1912,1913
1910	1914,1920
1911	1921,1923
1912	1924
1913	1925
1914	1926,1927
1915	1928,1929
1916,1917	1930,1933
1918	1934
1919	1935
1920	1936
-1	1937
1921	1938,1941
1922	1942
1923	1943
1924,1925	1944,1946
1926	-1
1927,1930	1947,1948
1931	-1
1932	1949
1933	1950,1951
1934	1952
1935	1953
1936	1954
1937	1955
1938,1939	1956
1940	1957
-1	1958
1941	1959
1942	1960
1943	1961
1944	1962
1945,1946	1963,1964
1947	1965,1966
1948	1967
1949	1968
1950	1969
1951	1970
1952	1971
1953	1972,1973
1954	1974,1975
1955	1976,1977
1956	1978
1957,1958	1979
1959	1980
1960	1981
1961	1982,1983
1962	1984
1963	1985,1986
1964	1987
1965,1966	1988,1989
1967	1990
-1	1991
1968	-1
1969	-1
1970	-1
1971	1992
1972	1993,1994
1973	1995,1996
1974	1997
1975,1976	1998,1999
1977	2000,2001
1978	-1
1979	-1
1980	-1
1981	-1
1982	-1
1983	-1
1984	-1
1985	-1
1986	-1
1987	-1
1988	-1
1989	2002,2003
1990	2004
1991	-1
1992	-1
1993	2005,2006
1994	2007,2008
1995	2009
1996	2010,2011
1997	2012,2013
1998	2014,2015
1999	2016
2000	2017
2001	2018,2019
2002	2020,2021
2003	2022
2004	2023
2005,2006	2024
2007	2025
-1	2026
2008	-1
2009	-1
2010	2027,2028
2011	2029
2012	2030
2013	2031,2033
-1	2034
2014	-1
2015	-1
2016,2017	2035
2018,2019	2036
2020,2021	2037
2022	2038,2039
2023	2040,2041
2024	2042
2025	2043,2045
2026	2046
2027	2047,2048
2028	2049
2029	2050
2030	2051,2052
2031	2053
2032	2054,2055
2033	2056
2034	2057,2059
2035	2060
2036	2061
2037	2062
2038	2063,2065
2039	2066
2040	-1
2041	2067
2042	2068,2069
2043	2070
2044	2071
2045	2072
2046	2073
2047,2048	2074
2049,2052	2075,2081
2053	2082,2084
2054	2085
2055	2086
2056	2087
2057	2088
2058,2059	2089,2090
2060	2091,2092
-1	2093
2061	-1
2062	-1
2063	2094,2095
2064	2096
2065	2097,2098
2066	2099,2101
2067,2069	2102,2106
2070	2107
2071	2108
2072	2109
2073,2074	2110,2113
2075	2114,2115
2076	-1
2077	-1
2078	-1
2079	-1
2080	-1
2081	-1
2082	-1
2083	-1
2084	-1
2085	2116,2117
2086	2118
2087	2119,2120
2088,2089	2121,2122
2090	2123
2091	-1
2092	2124
2093	2125
2094,2095	2126,2127
2096	-1
2097,2098	2128,2130
2099,2100	2131,2132
2101	2133
2102	-1
2103	-1
2104,2106	2134,2136
2107	2137
2108	2138
2109	2139
-1	2140
2110	-1
2111	-1
2112	2141
2113	2142
2114	2143
2115	2144
2116	2145
2117,2118	2146
2119	2147,2148
2120	2149
2121	2150
2122	2151
2123	2152
2124	2153
2125	2154
2126	2155,2156
2127	2157
2128	2158,2159
2129	2160,2161
2130	2162,2165
2131	2166,2167
2132,2133	2168
2134	2169
2135	2170,2171
2136	2172
2137	2173
2138	2174
2139	2175
2140	2176,2177
2141	2178
2142	2179
2143	2180
2144	2181
2145	2182,2183
2146,2147	2184,2185
2148	2186,2187
-1	2188
2149	-1
2150	2189,2190
2151	2191,2192
2152,2154	2193,2196
2155	2197
2156	2198,2200
2157	2201,2202
2158	2203
2159	-1
2160	2204
2161	2205
2162,2165	2206,2208
2166	2209
2167,2169	2210,2211
2170	2212,2213
2171	2214,2215
2172	2216
2173	2217
2174	2218
2175	2219
2176	2220
2177,2178	2221,2222
2179,2180	2223,2224
2181	2225
2182,2183	2226
2184	2227,2228
2185	2229
2186	2230
2187	2231,2232
2188,2189	2233
2190	2234
2191	2235
2192	2236
2193	2237
2194	2238
2195,2197	2239
2198,2199	2240
2200	2241
2201	2242,2243
2202	2244
2203	2245
2204	2246
2205	-1
2206	-1
2207	-1
2208	-1
2209	-1
2210	2247
2211,2212	2248
2213	2249,2250
2214	2251
2215	2252
2216,2217	2253
2218	2254
2219	2255
2220	2256
2221	2257
2222	2258,2260
2223	2261
2224	2262
2225	2263
2226	2264
2227	2265
2228	2266
2229	2267
2230	2268
2231	2269
2232	2270
2233,2234	2271
2235	2272
2236	2273
2237	2274,2275
2238	2276,2277
2239,2240	2278,2279
2241	2280
2242	2281
2243	2282
2244	2283
2245	-1
2246	-1
2247	2284,2285
2248	2286
2249	2287,2288
2250,2251	2289,2298
2252	2299
2253	2300
2254	2301,2303
2255	2304
2256	2305
2257	2306
2258,2259	2307
2260,2261	2308
2262,2263	2309
2264,2265	2310
2266	2311
2267	2312
2268	2313
2269	2314
2270	2315
2271	2316
2272	2317,2319
2273,2274	2320
2275	2321
2276	2322
2277	-1
2278	-1
2279	2323
2280	2324,2325
2281	2326
2282,2283	2327
2284	2328
2285,2287	2329,2330
2288,2289	2331
2290	2332
2291,2292	2333
2293	2334
2294,2299	2335,2338
2300	2339,2341
2301	2342
2302	2343
2303	2344
2304,2305	2345
2306	2346
2307	2347
2308	2348,2349
2309	2350,2351
2310	2352,2353
2311	-1
2312	-1
2313	-1
2314	-1
2315	-1
2316	-1
2317	-1
2318	-1
2319	-1
2320	-1
2321	-1
2322	-1
2323	-1
2324	-1
2325	-1
2326	-1
2327	-1
2328	-1
2329	-1
2330	-1
2331	-1
2332	-1
2333	-1
-1	2354
2334	-1
2335	-1
2336	2355
2337	2356
2338	2357
2339,2340	2358
2341	2359
2342	2360
2343	2361
2344	2362,2363
2345	2364,2365
2346	2366
2347	2367
2348	2368
2349	2369
2350	2370
2351	2371
2352,2353	2372
2354	2373
2355,2356	2374
2357	2375,2376
2358	2377
2359	2378
2360	-1
2361	-1
2362	2379,2381
2363	2382
2364	2383,2384
2365	2385
2366	2386,2387
2367,2368	2388,2389
2369	2390
2370,2371	2391
2372	2392,2393
2373,2374	2394,2395
2375	2396
2376,2377	2397,2398
2378	2399,2400
2379	2401,2402
2380	2403
2381,2382	2404
2383	2405
-1	2406
2384	2407
2385	2408
2386	2409
2387	2410
2388	2411
2389	2412
2390,2391	2413
2392	2414,2416
2393	2417,2418
-1	2419
2394	-1
2395	-1
2396	2420
2397	2421
2398	2422
2399	2423,2424
2400	2425,2426
2401	2427
2402	2428
2403	2429
2404	2430
2405	2431
-1	2432
2406	2433
2407	2434
2408	2435,2436
2409	2437,2438
2410	2439
2411,2412	2440
2413	2441,2443
2414	2444
-1	2445
2415	-1
2416	-1
2417	2446
2418	2447
2419,2420	2448
2421	2449,2451
2422	2452,2453
2423	2454
2424	2455
2425	2456
2426	2457,2458
2427,2428	2459
2429	2460
2430	2461
2431	2462
2432	2463
2433,2434	2464
2435	2465
2436	2466,2467
2437	2468,2469
2438	2470,2471
2439	-1
2440	-1
2441,2442	2472
2443	2473
-1	2474
2444	-1
2445	-1
2446	2475
2447,2448	2476
2449	2477
2450	2478
2451	2479,2480
2452	2481
2453	2482
2454	2483
2455	2484
2456	2485
2457	-1
2458	-1
2459,2460	2486,2487
2461	2488
2462	2489,2490
2463	2491
2464,2465	2492
2466	2493
2467	2494
2468,2469	2495
2470	-1
2471	-1
2472	2496,2497
2473	2498,2499
2474	2500
2475,2476	2501
2477	2502
2478	2503,2504
2479	2505
2480	2506
2481	2507,2508
2482	2509
-1	2510
2483	-1
2484	-1
2485	2511
2486	2512,2513
2487	2514,2518
2488	2519,2522
2489	2523
2490	2524,2526
2491	2527
2492,2493	2528,2530
2494	2531
2495	2532
2496	2533,2534
2497,2498	2535,2536
2499	2537,2538
2500	2539
2501	2540
2502	2541
2503	2542
2504	2543
2505	2544,2545
2506	2546
2507	2547
2508	2548,2549
2509	2550
2510	2551,2552
2511	2553,2554
2512,2513	2555,2558
2514,2516	2559,2562
2517,2518	2563
2519	2564
2520	2565,2566
2521	2567
2522	2568
2523	2569,2570
2524	2571
2525	2572
2526	2573
2527	2574
-1	2575
-1	2576
-1	2577
-1	2578
-1	2579
2528	2580,2581
2529	2582
2530	2583
2531	2584
2532	2585,2586
2533	2587
2534	2588
2535	2589
2536	2590,2591
2537	2592
2538	2593
2539	2594
2540	2595
2541	2596
2542	2597
2543	2598
2544,2545	2599,2600
2546,2547	2601
2548	2602,2603
2549	-1
2550	-1
2551	2604
-1	2605
-1	2606
2552	-1
2553	-1
2554,2555	2607,2615
2556	2616
2557	2617,2619
2558	2620
2559	2621,2623
2560	2624
2561,2562	2625
2563	2626,2628
2564	2629
2565	2630
2566	2631
2567	2632
2568	2633,2635
2569	2636
2570	2637,2638
2571	2639
2572	2640
2573	2641,2642
2574	2643,2644
2575	2645,2646
2576	2647
2577	2648
2578	2649,2650
2579	2651
2580	2652
2581	2653
2582	2654
-1	2655
2583	2656
2584	2657
2585	2658
2586	2659,2660
2587	2661,2662
2588	2663,2664
2589,2590	2665
2591	2666,2667
2592	2668
2593	2669
2594	2670
2595,2596	2671,2673
2597,2598	2674,2675
2599,2600	2676
2601	-1
2602	-1
2603	-1
2604	-1
2605	2677
2606	2678,2680
2607	2681,2684
2608,2609	2685,2688
2610	2689,2691
2611	2692
2612	2693,2694
2613	2695
2614	2696,2697
2615,2616	2698
2617	2699
2618	2700
2619	2701,2702
2620	2703
2621	2704
2622,2624	2705,2707
2625	2708
2626	2709
2627	2710,2712
2628	2713
2629	2714
2630	2715,2716
2631	2717
2632	2718
2633	2719
2634	2720
2635,2636	2721
2637	2722
2638,2641	2723
2642	2724
2643	2725
2644,2645	2726,2727
2646	2728,2729
2647	2730,2731
2648	2732
2649	2733
2650	2734,2735
2651	2736
2652	2737
2653	2738,2739
2654	2740
2655,2656	2741,2742
2657	2743
2658	2744,2745
2659	2746
2660	2747
2661	2748,2750
2662	2751
2663,2664	2752
2665	2753
2666,2667	2754,2755
2668,2669	2756
2670	2757
2671	2758
2672	2759
2673	2760,2762
2674	2763,2764
2675	2765,2766
2676	2767
2677	2768
2678	2769
2679	2770
2680	2771
2681,2682	2772
2683	2773
2684	2774
2685	2775
2686	2776,2777
2687,2688	2778
2689,2690	2779
2691,2692	2780
2693	2781
2694	2782,2783
2695	2784
2696,2697	2785
2698	2786
2699	2787
2700	2788
2701	2789
2702,2703	2790
2704,2705	2791
2706,2709	2792,2796
-1	2797
2710	-1
2711	-1
2712	2798
2713	2799,2800
2714	2801,2802
2715	2803,2811
2716	2812,2813
2717	2814
2718	2815
2719	2816
2720	2817,2818
2721	2819
2722	2820
2723,2724	2821
2725	2822
2726,2727	2823
2728	2824
2729	2825
2730	2826
2731	2827
2732	2828,2829
2733	2830
2734,2735	2831
2736	2832
2737,2738	2833,2835
2739	2836
2740,2741	2837
2742	-1
2743	2838
2744,2746	2839,2841
2747	2842,2843
2748	2844
2749	2845,2846
2750,2753	2847,2848
2754	2849
2755	2850
2756,2757	2851
2758	2852
2759	2853
2760	2854
2761,2762	2855
2763	2856,2857
2764,2765	2858,2859
2766	2860
2767	2861,2862
2768	2863
2769	2864
2770	2865
2771,2774	2866,2867
2775	-1
2776	2868
2777,2779	2869
2780,2781	2870
2782	2871
2783	2872
2784	2873
2785	2874
2786	2875
2787	2876
2788	2877
2789	-1
2790	-1
2791	-1
2792	2878,2879
2793	2880
2794	2881,2882
2795,2796	2883
2797	2884
2798	2885
2799	2886
2800	2887
2801	2888
2802	2889
2803	2890
2804	-1
2805,2806	2891,2892
2807	2893
2808	2894
2809,2810	2895
2811	2896
2812	-1
2813	-1
2814	-1
2815	2897
2816	2898,2899
2817	2900
2818	2901
2819	2902,2903
2820	2904
2821,2822	2905,2906
2823	2907
2824,2825	2908
2826	2909,2910
2827	2911
2828	2912
2829	2913
2830	2914,2915
2831	2916
2832	2917
2833	2918
2834	2919
2835	2920
2836	2921
2837	2922
2838	2923
2839	2924
2840	2925,2927
2841	2928
2842	2929
2843	2930
2844	2931,2933
2845	2934
2846	2935
2847	2936
2848	2937
2849,2850	2938
2851	2939
2852	2940
2853	2941
2854,2856	2942,2944
2857	2945
2858,2860	2946
2861	2947
2862	2948
2863	2949,2950
2864	2951
2865,2867	2952
2868	2953,2958
2869,2870	2959,2963
2871	2964,2965
2872	2966
2873	2967,2968
2874	2969,2970
2875	2971
2876	2972,2974
2877,2878	2975
2879	2976
2880	2977,2978
2881	2979,2981
2882	2982,2983
2883	2984,2985
2884	2986
2885	2987,2988
2886	2989
2887	2990,2991
2888,2889	2992
2890	2993
2891	-1
-1	2994
2892	-1
2893	-1
2894	2995
2895	2996,2997
2896	2998
2897	2999
2898	3000
2899	3001
2900	3002
2901	3003,3004
2902	3005
2903	3006,3007
2904	3008
2905	3009
2906,2907	3010
2908	3011
2909	3012
2910	3013
2911	3014
2912,2914	3015,3017
2915	3018
2916	3019
2917	-1
2918	-1
2919	3020
2920	3021
2921,2922	3022
2923	3023
2924	3024
2925	3025
2926,2927	3026
2928	3027
2929	3028
2930	3029,3030
2931	3031,3033
2932	3034
2933	3035
2934	3036
2935	3037
2936	3038
2937	3039
2938	3040
2939	3041,3043
2940	3044
2941	3045
2942	3046
2943	3047,3048
2944	3049,3050
2945	-1
2946	-1
2947	3051
2948	3052
2949	3053,3054
2950	3055
2951	3056
2952	3057
2953	3058,3059
2954	3060,3062
2955,2956	3063,3064
2957	3065
2958	3066
2959	3067
2960	3068
-1	3069
2961	-1
2962	-1
2963	3070
2964	3071,3072
2965	3073
2966,2967	3074,3075
2968	3076,3077
2969	3078,3079
2970	3080
2971	3081,3082
2972	3083
2973	3084
-1	3085
2974	-1
2975	-1
2976	3086
2977,2978	3087
2979	3088
2980	3089,3090
2981	3091
2982	3092,3093
2983,2984	3094
2985,2986	3095,3097
2987,2988	3098
2989,2991	3099,3100
2992	3101
2993,2994	3102,3106
2995,2997	3107,3108
2998	3109
2999	3110
3000	-1
3001	3111
3002	3112
3003	3113
3004,3005	3114,3115
3006	3116
3007,3008	3117
3009	3118
3010	3119
3011	3120
3012	-1
3013	3121
3014	3122,3123
3015	3124
3016	3125
3017	3126,3127
3018	3128
3019	3129
3020	-1
3021	3130
3022	3131,3132
3023	3133,3134
3024,3025	3135,3136
3026	3137
3027	3138,3139
3028	3140,3141
3029,3030	3142
3031	3143
3032	3144
3033	3145
3034	3146
-1	3147
-1	3148
3035	-1
3036	3149
3037	3150
3038	3151
3039	3152
3040	3153,3156
3041	3157
3042	3158
3043	3159,3160
3044	3161,3162
3045	3163
3046	3164
3047	-1
3048	3165
3049	3166,3167
3050	3168,3169
3051	3170
3052	3171,3172
3053	3173,3174
3054	3175,3176
-1	3177
3055	-1
3056	-1
3057	3178
3058,3059	3179
3060	3180
3061	3181
3062	3182
3063	3183
3064,3065	3184
3066	3185
3067	3186
3068	3187
3069	3188
3070	3189
3071	3190
3072	3191
3073,3074	3192
3075,3076	3193
3077,3078	3194
3079	3195,3196
3080,3082	3197,3198
3083	3199,3200
3084	3201,3202
3085	3203
3086	-1
3087	3204
3088	3205
3089	3206
3090	3207
3091	3208
3092,3093	3209
3094	3210
3095	3211
3096	-1
3097,3098	3212
3099	3213
3100	3214
3101,3102	3215
3103	3216,3217
3104	3218,3219
3105	3220
3106	3221,3222
3107	3223
3108	3224,3225
3109	3226,3227
3110	3228
3111	3229
3112	3230
3113	3231
3114	3232
3115	3233
3116	-1
3117	3234
3118	3235
3119	3236
3120	3237
3121	3238,3239
3122,3123	3240,3241
3124	3242
3125,3126	3243,3244
3127	3245,3246
3128	3247
-1	3248
3129	-1
3130	-1
3131	3249
3132,3133	3250,3251
3134	3252
3135	3253
3136	3254
3137	3255
3138	3256,3257
3139,3140	3258
3141	3259
3142,3143	3260,3261
3144	3262
3145	3263,3264
3146	3265,3267
3147	3268
3148	3269
3149	3270
-1	3271
3150	-1
3151	-1
3152	3272
3153	3273
3154	3274
3155,3156	3275,3276
3157	-1
3158	3277
3159,3161	3278
3162,3163	3279
3164	3280
3165	3281,3282
3166,3167	3283
3168	3284,3285
3169	3286
3170	-1
3171	3287
3172,3173	3288
3174	3289,3290
3175	-1
3176	-1
3177	3291
3178,3179	3292
3180,3181	3293
3182,3183	3294
3184	3295
3185,3186	3296,3297
3187	3298,3299
3188	3300,3301
3189	-1
3190	3302
3191	3303
3192	3304
3193	3305
3194,3197	3306,3309
3198	3310
3199	3311
3200	3312
3201	3313,3314
3202	3315,3316
3203	-1
3204	3317
3205	3318
3206,3207	3319
3208	3320
3209	3321
3210	3322,3323
3211,3213	3324
3214,3217	3325,3327
3218	3328
3219	3329
3220	3330
3221,3222	3331,3332
3223	3333
3224	3334,3335
3225	3336,3337
3226	3338
3227	3339
3228	3340
3229	3341
3230	3342
3231	3343
3232	3344
3233	3345
-1	3346
3234	-1
3235	-1
3236	3347,3348
3237,3239	3349,3352
3240	3353,3354
3241	3355,3356
3242	-1
3243	3357
3244	3358,3363
3245	3364,3365
3246	3366,3367
3247	-1
3248,3249	3368,3369
3250	3370
3251	3371
3252	3372
3253	3373
3254	3374
3255	3375,3376
3256	3377,3378
3257	-1
-1	3379
3258	-1
3259	-1
3260	3380
3261	3381
3262	3382
3263	3383,3384
3264	3385
3265,3266	3386
3267	3387
-1	3388
3268	-1
3269	-1
3270,3271	3389,3391
3272	3392
3273	3393
3274	3394,3395
3275	3396,3397
3276	3398
3277	3399
3278,3279	3400
3280	3401
3281	3402
3282	3403
3283	3404,3405
-1	3406
3284	-1
3285	-1
3286	3407
3287	3408,3409
3288	3410
3289	3411,3412
3290	3413
3291	3414
3292	-1
3293	3415
3294	3416
3295	3417,3419
3296	3420
3297	3421
3298	3422
3299	3423
3300	3424,3425
3301	3426,3428
3302	3429
3303	3430
3304	3431,3433
3305	3434,3435
3306	3436
3307	3437,3438
3308	3439,3442
3309	3443
3310	3444,3445
3311	3446
3312	3447,3448
3313,3315	3449,3451
3316,3318	3452
3319	3453
3320	3454,3455
3321	3456
3322	3457,3458
3323	3459
3324	3460
3325	3461
3326	-1
3327	3462
3328	3463
3329,3330	3464,3467
3331	3468
3332	3469,3470
3333	3471,3472
3334	3473
3335	3474
3336	3475
3337	3476
3338	3477
3339	3478
3340	3479
3341	3480,3481
3342	3482,3485
3343	3486
3344	3487
3345	-1
3346	3488
3347,3348	3489,3490
3349	3491
3350	3492,3494
3351	3495,3496
3352	3497
3353	3498,3499
3354	3500
3355	3501
3356	3502
3357	-1
3358	3503
3359,3362	3504,3506
3363,3364	3507
3365,3366	3508
3367	3509
3368	-1
3369	3510
3370	3511
3371	3512
3372	3513
3373	3514
3374	3515,3516
3375	3517
3376,3377	3518
3378	3519
3379,3380	3520
3381	3521
3382,3385	3522,3523
3386	-1
3387	3524
3388	3525,3526
3389	3527,3528
3390	3529
3391,3393	3530
3394,3395	3531
3396	-1
3397,3398	3532
3399,3400	3533,3536
-1	3537
3401	-1
3402	-1
3403	3538
3404	3539,3540
3405	3541
3406	3542,3543
3407	3544
3408	3545,3546
3409	3547
3410	3548,3549
3411	3550,3551
3412	3552,3554
3413,3414	3555
3415,3416	3556
3417	3557
3418	3558
3419	3559,3560
3420	3561
3421,3422	3562
3423	3563
3424	3564
3425	3565
3426,3427	3566,3567
3428	3568
3429	3569
3430	3570,3571
3431,3434	3572,3576
3435,3436	3577
3437,3438	3578
3439	-1
3440	3579
3441	3580,3581
3442	3582
3443	3583
3444	3584
3445,3446	3585,3586
3447	3587
3448	3588
3449	3589
3450	-1
3451	3590
3452	3591
3453	3592
3454	3593
3455	3594
3456,3458	3595
3459,3460	3596
3461	3597
3462	3598
3463	3599
3464	3600,3601
3465	3602
3466,3467	3603
3468	3604
3469	3605,3606
3470	3607
3471	-1
3472,3473	3608,3609
3474,3475	3610
3476	3611,3612
3477	-1
3478	3613
3479	3614
3480	3615
3481	3616,3617
3482	3618
3483	3619
3484,3485	3620
