0	-1
1	0
2	1
3	2
4	3
5	4
6	5,7
7	8
8	9,10
9	11
10	12,13
11	14,15
12	16
13	17,18
14	19
15	20
16	21
17	22,23
18	24
19	25,27
20,21	28
22	29
23,24	30,33
25,26	34,36
27,28	37,39
29	-1
30	-1
-1	40
-1	41
31	42
32	43,45
33	46
34	47
35	48
36	49
37	50
38	51
39	52,53
40	54
41	55,58
42	59
43	60
44	61
45	62
46	63
47	64,65
48	66,67
49,50	68
51	69,70
52	71,73
53	74
54	75
55	-1
56	76
-1	77
57	78
58	79
59	80
60,61	81,82
62	83
63	84
64	85
65,66	86
67	87
68	88
69	89
70,71	90
72	91
73	92,94
74	95
75	96
76	97
77,80	98
81	99,100
82	101
83	102
84	103
85,86	104
87	105
88	106
89	107
90	108
91	109
92	110
93	111
94	112
95	113
96	114
97	115
98	116
99	117
100	118
101	119
102	120
103	121
104	122
105	123
106	124
107,108	125
109	126,127
110	128
111	129
112	130
113	131
114	132
115	133
116	134
117,118	135,137
119	138
120	139
121	140
122,123	141
124	142,144
125	145
126	146
127	147
128	148
129,130	149
131,132	150,151
133	152
134	153,154
135	155
136	156
137	157,158
138,139	159,160
140	161
141	162
142	163
143	164
144	165
145,146	166
147	167
148	168
149	169
150	170
151	171
152	172
153	173
154	174
155,157	175
158	176,178
159	179
160	180
161	181
162	182
163	183
164	184
165	185
166	186
167	187
168	188
169	189
170	190
171,172	191
173	192
174	193
175,176	194
177	195
178	196
179	197
180	198
181	199
182,183	200
184	201
-1	202
185	203
186	204
187	205
188	206
189	207
190	208
191	209
192	210
193	211
194,195	212,213
196	214
197	215
198	216
199	217
200	218
201	219,220
202	221
203	222,223
204	224
205	225
206	226
207	227
208	228
209	229,230
210	231
211	232
212	233
213,214	234
215	235
216,217	236
218	237,238
219	239,240
220	241
221	242,243
-1	244
222	245
223	246
224	247
225	248
226	249
227	250
228	251
229	252
230	253
231	254
232	255,257
233	258
234	259
235	260
236	261,262
237	263
238	264,265
239	266
240	267
241	268,269
242	270
243	271
244	272
245	273
246	274,275
247	276,277
248	278
249	279
250	280
251	281
252	282,284
253	285,286
254	287
255	-1
-1	288
-1	289
256	290
257	291
258	292,293
259	294
260,261	295
262	296
263	297
264	298
265	299,300
-1	301
266	302
-1	303
267	304
268	305
269	306
270	307
271	308
272	309
273	310,311
274	-1
-1	312
-1	313
275	314
276	315
277	316,317
278	318
279	319
280	320
281	321
282	322,324
283	325,327
284	328
285	329
286	330
287	331
288	332
289	333,335
290	-1
291	336
292	337
293	338
294	339
295	340
296	341
297,298	342,343
299	344
300	345,347
301	348
302	349
303	350
304	351
305	352
306	353
307	354
308	355
309	356
310	357,358
311	359,360
312	361,362
313	363
314	364
315	365
316	366
317	367
318	368,369
319	370
320	371
321	372
322,323	373
324	374
325	375
326	376
327	377
328	378
329	379,380
330,331	381,382
332	383
333	384
334	385
335	386
336	387
337	388,390
338	391
339	392
340	393
341	394,395
342	396
343	397
344,345	398
346	399,400
347	401
348	402
349	403
350	404
351	405
352,353	406
354	407
355	408,410
356	411
357	412
358	413
359	414
360	415
361	416
362	417
363	418
364	419
365	420
366	421
367	422
368	423
369	424
370	425,426
371	427
372	428
373,374	429,431
375	432
376	433
377	434
378	435,436
379	437
380	438
381	439
382	440
383,384	441,443
385	444
386	445
-1	446
387	447
388	448
389	449
390	450
391	451
392	452
393,394	453
395	454
396	455
397	456,459
398,399	460
400	461
401	462
402	463
403	464
404	465
405	466,467
406	468
407	469
408	470
409	471
410,411	472
412	473,474
413	475,477
414	478
415	479
416	480
417	481
418	482
-1	483
419	484
420	485,486
421,422	487,488
423	489
424	490
425	491
426	492,494
427	495
428	496
429	497
430	498
431	499
432	500
433	501
434	502
435,436	503
437,438	504
439	505
440	506
441	507
442	508
443	509
444	510
445	511
446	512
447,448	513
449	514
450	515
451	516
452	517
453	518
454	519
455	520
456	521
457	522
458	523
459	524
460	525
461,462	526
463	527
464	528
465	529
466	530
467	531
468	532,533
469	534
470	535
471	536
472	537
473	538,539
474	540,541
475	542
476	543,544
477	545
478	546
479	547
480	548
481	549,550
482	551
483	552
484	553
485	554
486	555,556
487	557
488	558
489	559
490	560,561
491	562
492	563
493	564
494	565
495	566
496,497	567
498	568
499	569
500	570
501	571
502	572
503	573
504	574
505	575
506	576
507	577,578
508	579
509	580
510	581
511	582
512	583,584
513	585,586
514	587
515	588
516	589
517	590
518	591
519	592
520	593
521	594,595
522,523	596
524	597
525	598
526	599
527	600,601
528	602
529,531	603
532	604
533	605,606
534	607
535	608
536	609
537	610
538	611
539	612
540	613
541	614
542	615,616
543	617
544	618
545	619
546	620
547	621
548	622
549	623
550	624
551	625,626
552	627
553	628
554	629
555	630,631
556	-1
-1	632
557	633
558	-1
559	634,635
560	636
561	637
562,563	638,639
564,565	640
566	641
567	642
568	643,644
569	645
570	646
571	647
572	648
573	649
574	650
575	651
576	652
577	653
578	654,656
579	657
580,581	658
582	659,661
583	662,664
584	665
585	-1
586	-1
587	666
-1	667
588	668
589	669
590	670
591	671
592	672,673
593	674
594	675
595	676
596	677
597	678
598	679
599	680
600	681
601,603	682
604	683
605	684
606	685
607	686
608	687
609	688
610	689,690
611,612	691
613	692,693
614	694
615,616	695
617	696
618	697
619	698
620	699
621	700
622	701
623,624	702
625,626	703
627	704
628,631	705
632	706
633	707
634	708
635	709
636	710
637	711
638	712
639	713
640	714
641,642	715
643	716,717
644	718
645	719
646	720
647,648	721,723
649	724
650	725,726
651,652	727
653,654	728
655	729
656,657	730,731
658,659	732,733
660	734,735
661,662	736,737
663	738
664	739
665	740,741
666	742
667,668	743
669	744,745
670,671	746
672,673	747,748
674,675	749
676	750
677	751
678	752,754
679	755
680,681	756
682	757
683	758
684	759
685	760
686	761,763
687	764
688	765
689	766
690	767
691	768
692	769
693	770
694	771
695	772
696	773
697	774
698	775
699	776
700	-1
-1	777
701	778
702	779
703	780,781
704	782
705	783
706	784
707	785,786
708	787
709	788,791
710	792
711	793
712	794
713	795,796
714	797
715	798
716	799
717	800
718	801
719	802,803
720	804,805
721	806,807
722	808,809
723,724	810
725	811
726	812
727	813,814
728	815
729	816
-1	817
-1	818
730	819,820
731	821
732	822
733	823,825
734,736	826
737	827
738	828
739	829
740,741	830
742	831
743	832
744,745	833
746	834
747	835
748	836
749	837
750	838
751	839
-1	840
752	841
753	842
754	843
755	844
756	845,848
757	849
758	850
759	851
760	852
761	853
762	854
763	855
764	856
765	857
766	858
767,768	859,860
769	861
770	862
771	863
772	864
773,774	865
775	866
776	867,868
777	869
778	870
779	871,872
780	873
781	874,875
782	876
783	877
784	878
785	879
786	880
787	881
788,790	882
791	883
792	884
793	885
794	886
795	887,888
796,798	889
799	890
800	891
801	892
802	893
803	894
804	895
805	896
806	897,898
807	899
808	900
809	901,903
810	904,905
811	906
812	907
813	908
814	909
815	910,911
816	912
817	913
818	914,915
819	916
820	917
821	918
822	919
-1	920
-1	921
-1	922
-1	923
-1	924
-1	925
-1	926
-1	927
-1	928
-1	929
-1	930
-1	931
823	932
824	933
-1	934
825	935
826	936
827	937,938
828	939
829	940,941
830	942
831	943
832	944
833	945
834	946
835	947
836	948
837	949
838	950,951
839	952,953
840,841	954,956
842	957
843	958
844	959,960
845	961
846	962
847	963,965
848	966
849	967
850	968,969
851	970
852	971
853	972
854	973
855	974,975
856	976
857	977
858	978
859	979
860	980
861	981
862	982
863	983
864	984
865	985
866	986
867	987
868	988
869	989,990
870	991
871	992,993
872	994
873	995
874	996
875	997
876	998
877	999
878	1000
879	1001
880,881	1002
882	1003
883	1004
884	1005
885	1006
886	1007
887	1008
888	1009
889	1010
890	1011
891	1012
892,893	1013,1014
894,896	1015,1018
897,898	1019
899	1020
900	1021
901	1022
902	1023
903	1024,1025
904	1026
905	1027
906	1028
907	1029
908	1030,1031
909	-1
910	1032
911	1033
912	1034
913,914	1035
915	1036,1037
916	1038
917	1039
918	1040
919	1041
920	1042
921,922	1043
923	1044
924	1045
925	1046
926	1047
927	1048,1050
928	1051
929	1052
930	1053,1054
931	1055
932	1056
933	1057
934	1058
935	1059
936	1060
937	1061
938,939	1062,1063
-1	1064
940	1065
941	1066
942	1067
943	1068,1069
944	1070
945	1071,1072
946	1073
947	1074
948	1075,1076
949	1077,1078
950	1079
951	1080,1081
952	1082
-1	1083
953	1084
954	1085,1086
955	1087
956	1088
957	1089
958	1090
959	1091
960	1092
961	1093,1094
962	1095
963,964	1096,1097
965	1098
966	1099
967	1100,1101
968	1102,1103
969	1104,1105
970	1106
971	1107
972	1108
973	1109,1112
974	1113
975	1114
976,977	1115,1116
978	1117
979	1118
980	1119
981	1120,1121
982,983	1122,1123
984	1124
985,986	1125
987	1126
988	1127
989	1128
990	1129
991	1130
-1	1131
992	1132
993	1133
994	1134
995	1135
996	1136
997	1137
998	1138,1139
999,1000	1140
1001	1141
1002	1142
1003	1143
1004	1144
1005	1145
1006	1146
1007	1147,1148
1008	1149
1009	1150
1010	1151,1152
1011	1153
1012	1154
1013	1155,1156
1014	1157
1015	1158,1159
1016,1017	1160
-1	1161
1018	1162
1019	1163,1164
1020	1165
1021	1166
1022	1167,1168
1023	1169
1024	1170,1172
1025,1026	1173,1175
1027	1176,1177
1028	1178
1029	1179
1030	1180,1181
1031	1182,1183
1032	1184
1033	1185,1186
1034	1187
1035	1188,1189
1036	1190,1191
1037	1192
1038	1193,1194
1039	1195,1197
1040	1198
1041	1199
1042	1200
1043	1201,1202
1044	1203
1045	1204
1046	1205
1047	1206
1048	1207
1049	1208
1050,1051	1209,1211
1052	1212
1053	1213
1054	1214,1215
1055	1216
1056	1217
1057	1218
1058	1219
1059	1220
1060	1221
1061	1222
1062	1223
1063	1224
1064	1225,1226
1065	1227,1229
1066,1067	1230,1232
-1	1233
-1	1234
-1	1235
-1	1236
1068	1237
1069	1238
1070	1239
1071	1240,1241
1072	1242,1243
1073	1244
1074,1075	1245,1249
1076	1250
1077	1251
1078	1252,1253
1079	1254,1255
1080	1256
1081	1257
1082	1258
1083	1259,1260
1084	1261
1085	1262
1086	1263
1087	1264
1088	1265,1266
1089	1267,1268
1090	1269
1091	1270
1092	1271
1093	1272,1273
1094	1274,1275
1095	1276
1096	1277
1097	1278,1279
1098,1099	1280
1100	1281
1101	1282
1102	1283
1103	1284,1285
1104	1286
1105	1287,1288
1106,1107	1289
1108	1290
1109	1291,1292
1110	1293
1111	1294
1112	1295
1113	1296
1114	1297
1115	1298
1116	1299
1117	1300
1118	1301
1119	1302,1303
1120	1304
1121,1122	1305,1306
1123	1307
1124	1308
1125,1126	1309
1127	1310
1128	1311
1129	1312
1130	1313
1131,1132	1314
1133	1315
1134	1316
1135	1317
1136	1318
1137	1319
1138	1320
1139	1321,1322
1140	1323
1141	1324,1325
1142	1326
1143	1327
1144	1328
1145	1329
1146	1330
1147	1331,1332
1148	1333,1334
1149	1335
1150	1336
1151	1337
1152	1338
1153	1339
1154	1340
1155	1341
1156,1158	1342
1159	1343
1160	1344
1161	1345,1346
1162	1347
1163	1348
1164	1349
1165	1350
1166	1351
1167	1352
1168	1353
1169	1354
1170	1355
1171,1172	1356,1357
1173	1358
1174	1359
1175	1360
1176	1361
1177	1362
1178	1363
1179	1364
1180	1365,1366
1181	1367
1182	-1
-1	1368
1183	1369
1184	1370
1185	1371
1186	1372
1187	1373
1188	1374
1189	1375
1190	1376
1191	1377,1378
1192	1379
1193	1380
-1	1381
1194	1382
1195	1383
1196	1384
-1	1385
1197	1386,1387
-1	1388
1198	1389
1199	1390
1200	1391
1201	1392
1202	-1
1203	-1
1204	1393
1205	-1
1206	-1
1207	-1
1208,1210	1394,1396
1211	1397
1212	1398
1213	-1
1214	1399,1400
1215	1401
1216	1402
1217	1403
1218	1404,1405
1219	1406
1220	-1
1221	-1
1222	-1
1223	1407
1224	1408
1225,1226	1409,1410
1227	1411,1412
1228	1413
1229	1414
1230	1415
1231	1416,1417
1232	1418
1233	1419
1234	1420
1235	1421
1236	1422
1237	1423
1238	1424
1239	1425
1240	1426
1241	1427
1242	1428,1429
1243	1430
1244	1431
1245	1432
1246	1433
1247	1434
1248	1435,1436
1249	1437
1250	1438
1251	1439
1252	1440
1253	1441
1254	1442
1255	1443
1256	1444
1257	1445,1446
1258	1447
1259	1448,1449
1260	1450
1261	1451
1262	1452
1263	1453,1454
1264	1455
1265,1266	1456
1267	1457
1268	1458
1269	1459
1270	1460,1461
1271	1462
1272	1463
1273	1464
1274	1465,1467
1275	1468
1276	1469
1277	1470
1278	1471
1279	1472
1280	1473
1281	1474
1282	1475
1283	1476
1284	1477
1285,1286	1478
1287	1479
1288	1480
1289	1481
1290	1482
1291	1483
1292	1484
1293	1485
1294	1486
1295	1487,1488
1296	1489,1490
1297	1491,1492
1298	1493
1299	1494
1300	1495,1496
1301	1497
1302	1498,1499
1303	1500
1304,1305	1501,1502
1306	1503
1307	1504
1308	1505
1309	1506
1310	1507,1508
1311	1509
1312	1510
1313	1511
1314	1512
1315	1513
1316	1514
1317	1515
1318	1516
1319,1322	1517,1520
1323	1521
1324	1522,1523
1325	1524,1525
1326	1526
1327	1527
1328	1528
1329	1529
1330	1530
1331	1531
1332	1532
1333	1533
1334	1534
1335	1535
1336	1536
1337	1537
1338	1538
1339	1539
1340	1540
1341	1541
1342	1542
1343	1543
1344	1544
1345	1545,1546
1346	1547,1548
1347	1549
1348	1550
1349	1551
1350	1552
1351	1553
1352	1554
1353	1555
1354	1556
1355	1557
1356	1558
1357	1559
1358	1560,1561
1359,1360	1562,1563
1361,1362	1564,1565
1363	1566,1567
1364	1568
1365,1366	1569
1367	1570
1368	-1
1369	-1
-1	1571
-1	1572
1370	1573
1371	1574
1372	1575
1373	1576
1374	1577
1375	1578
1376	1579
1377	1580
1378	1581
1379	1582
1380	1583
1381	1584
1382	1585
1383	-1
1384	-1
1385	-1
-1	1586
1386	1587,1588
1387	1589,1590
1388	1591
1389	1592,1594
-1	1595
1390	1596
1391	1597
1392	1598
1393	1599
1394	1600
1395,1396	1601
1397	1602
1398	1603
1399	1604
1400	1605
1401	1606,1607
1402	1608
1403	1609
1404	1610
1405	1611
1406	1612
1407	1613
1408	1614
1409	1615,1616
1410	1617
1411	1618
1412	1619
1413	1620,1621
1414,1415	1622
1416	1623
1417	1624
1418	1625
1419	1626
1420	1627
1421	1628
1422,1424	1629
1425	1630
1426	1631
1427,1428	1632,1634
1429	1635
1430	1636
1431	1637
1432	1638
1433	1639
1434	1640
1435	1641
1436	1642
1437,1438	1643
1439	1644
1440	1645
1441	1646
1442	1647
1443	1648
1444	1649,1650
1445	1651
1446	1652
1447,1448	1653,1654
1449	1655
1450,1453	1656
1454	1657
1455	1658
1456	1659
1457	1660
1458	1661
1459	1662
1460	1663
1461	1664
1462	1665
1463	1666
1464	1667
1465	1668
1466	1669,1670
1467	1671
1468	1672
1469	1673
1470	1674
1471	1675
1472	1676
1473	1677
1474	1678
1475	1679
1476,1477	1680
1478	1681
1479	1682
1480	1683
1481	1684
1482	1685
1483	1686
1484	1687
1485	1688,1689
1486	1690
1487	1691
1488	1692
1489	1693
1490	1694
1491	1695
1492	1696
1493	1697
1494	1698
1495	1699
1496,1497	1700
1498	1701,1702
1499	1703,1704
1500	1705,1706
1501	1707
1502	1708,1710
1503,1504	1711,1713
1505	1714
1506	1715,1716
1507	1717
1508	1718
1509	1719
1510	1720
1511	1721
1512,1513	1722
1514	1723
1515	1724
1516	1725
1517	1726
1518	1727
1519	1728
1520	1729,1730
1521	1731
1522	1732
1523	1733
1524	1734
1525	1735
1526	1736
1527	1737
1528	1738
1529	1739
1530	1740
1531	1741
1532	1742
1533	1743
1534	1744
1535	1745
1536	1746
1537	1747
1538	1748
1539,1540	1749
1541	1750
1542	1751
1543	1752
1544	1753
1545	1754,1755
1546	1756
1547	1757
1548	1758
1549	1759
1550	1760
1551	1761
1552	1762
1553	1763
1554	1764
1555	1765
1556	1766
1557	1767
1558,1559	1768
1560	-1
1561	-1
1562	-1
-1	1769
1563	1770
1564	1771
1565	1772
1566	1773
1567	1774
1568	1775
1569	1776
1570	1777,1778
1571	1779
1572	1780
1573	1781
1574	1782
1575	1783
1576	1784,1785
1577	1786
1578	1787
1579	1788
1580	1789
1581	1790
1582	1791,1792
1583	1793,1794
1584	1795
1585	1796
1586	1797
1587	1798,1799
1588	1800,1801
1589	1802
1590	1803,1804
1591	1805
1592	1806
1593	1807,1810
1594	1811
1595,1596	1812
1597	1813
1598	1814
1599,1600	1815
1601	1816
1602	1817
1603	1818
1604	1819
1605	1820
1606	1821
1607	1822,1823
1608,1609	1824
1610	1825
1611	1826
1612	1827
1613	1828
1614	1829
1615	1830
1616	1831
1617	1832
1618	1833
1619	1834
1620,1621	1835
1622	1836
1623	1837
1624	1838,1839
1625	1840
1626	1841
1627	1842
1628	1843
1629	1844
1630	1845
1631	1846
1632	1847
1633	1848
1634	1849
1635,1636	1850
1637	1851
1638	1852
1639	1853,1854
1640	1855,1856
1641	1857
1642	1858
1643	1859
1644	1860
1645	1861
1646	1862
1647	1863
1648	1864
1649	1865
1650	-1
1651	1866
-1	1867
-1	1868
1652	1869
1653	1870
1654,1655	1871
1656	1872
1657	1873
1658	1874,1875
1659	1876
1660,1661	1877
1662	1878
1663	1879
1664	1880
1665	1881
1666	1882
1667	1883
1668	1884
1669	1885
1670	1886
-1	1887
-1	1888
1671	1889
1672	1890,1891
1673	1892,1894
1674	1895
1675	1896
1676	1897
1677,1678	1898
1679	1899
1680	1900
1681,1682	1901
1683	1902,1903
1684	-1
1685	1904,1905
1686	1906
1687	1907
1688,1689	1908
1690,1691	1909
1692	-1
1693	-1
1694	-1
1695	-1
1696	-1
-1	1910
1697,1698	1911
1699	1912,1913
1700	1914
1701,1702	1915
1703	1916
1704,1705	1917
1706	1918
1707	1919
1708	1920
1709,1710	1921
1711	1922,1923
1712	1924
1713	1925
1714	1926
1715	1927,1928
-1	1929
1716	1930
1717	1931
1718	1932
1719	1933
1720	1934
1721	1935
1722	1936
1723	1937
1724	1938
1725	1939
1726	1940
1727	1941
1728	1942
1729	1943
1730	1944
1731	1945
1732	1946
1733	1947
1734	1948
1735	1949
1736	1950
1737	1951
1738	1952
1739	1953
1740	1954
1741,1742	1955
1743	1956
1744	1957
1745	1958
1746	1959
1747	1960
1748,1749	1961
1750	1962
1751	1963
1752	1964
-1	1965
1753	1966
1754	1967
-1	1968
1755	1969
1756	1970
1757,1758	1971,1972
1759	1973
1760	1974
1761	1975
1762,1763	1976
1764,1765	1977
1766	1978
1767	1979
1768	1980
1769,1770	1981,1983
1771	1984
-1	1985
1772	1986
1773	-1
1774	1987
1775	1988
1776	1989
1777	1990
-1	1991
1778	1992
1779	1993
1780,1781	1994
1782	1995
1783	1996
1784,1785	1997,1998
1786	-1
1787	1999
1788	2000,2001
1789	2002
1790	2003
1791	2004
1792	2005
1793	2006
1794	2007
-1	2008
1795	2009
1796,1797	2010
1798	2011
1799	2012
1800	2013
-1	2014
1801	2015
1802	2016
1803	2017
1804	2018
-1	2019
1805	2020,2021
1806	2022
1807	2023
1808	2024
1809	2025
1810	2026
1811	2027
1812	2028
1813	2029
1814	2030
1815	2031
1816	2032
1817	2033
1818	2034
1819	2035,2037
1820	2038
1821	2039
-1	2040
1822	2041,2042
1823,1824	2043,2045
1825	2046
1826	2047
1827,1828	2048,2051
-1	2052
1829	2053
1830	2054,2056
1831	2057
1832	2058,2059
1833	2060
-1	2061
1834	2062
1835,1836	2063
1837	2064
1838,1839	2065
1840,1841	2066
1842	2067
1843	2068
1844	2069
1845	2070
1846,1847	2071,2072
1848	-1
1849	-1
-1	2073
1850	2074
1851	2075
1852	-1
-1	2076
-1	2077
1853	2078,2079
1854	2080
1855	2081
1856	2082
1857,1858	2083
1859	-1
-1	2084
1860	2085,2086
1861	2087
1862	2088
1863	2089
1864	2090
-1	2091
1865	2092
1866	2093,2095
1867	2096
1868	2097
1869	2098
1870	2099
1871	2100
1872	2101,2102
1873	2103,2105
1874	2106
1875	2107
1876	2108
-1	2109
-1	2110
1877	2111
1878	2112,2113
1879	2114
1880	2115
1881	2116
1882	2117
1883	2118
1884	2119
1885	2120
1886	2121
1887	2122
1888	2123
1889	2124
1890	2125
1891	2126
1892	2127
1893	2128
1894	2129
1895	2130
1896	2131
1897	2132
1898	2133
1899	2134,2135
1900	2136
1901	2137
1902	2138
1903	2139
1904,1905	2140
1906	2141
1907	2142
1908	2143
1909	2144
1910	2145
1911	2146,2147
1912,1913	2148
1914	-1
-1	2149
1915	2150
1916	2151
1917	2152,2153
1918	2154
1919	2155
1920	2156
1921,1922	2157
1923	2158
-1	2159
1924	2160
1925	2161
1926	-1
-1	2162
-1	2163
1927	2164
1928	2165
1929	2166,2167
1930	2168
1931	2169
1932	2170
1933	2171
1934	2172
1935	2173
1936	2174
1937	2175
1938	2176
1939	2177
1940	2178
1941	2179
1942	2180
1943	2181
1944	2182,2183
1945	2184
1946	2185,2186
1947	2187
1948	2188
1949	2189
1950	2190
1951	2191
1952	2192
1953	2193
1954	2194
1955	2195
1956	2196,2198
1957	2199
1958	2200,2201
1959	2202
1960	2203
1961	2204
1962	2205
1963	2206
1964	2207,2208
1965	2209
1966	2210
1967	2211,2212
1968	2213
1969	2214
1970	2215
1971	2216
1972	2217,2218
1973	2219
1974	2220
1975	2221
1976	2222
1977	2223,2224
1978	2225
1979	2226
1980	2227
1981	2228
1982	2229
1983	2230
1984	2231
1985	2232
1986	2233,2235
1987	2236
1988	2237
1989	2238
1990	2239
1991	2240
1992	2241,2242
1993	2243
1994	2244
-1	2245
1995	2246
1996	2247
1997	2248
1998,1999	2249
2000	-1
-1	2250
-1	2251
2001	2252
2002	2253
2003	2254
2004	2255
2005	2256
2006	2257
2007	2258
2008	2259
2009	2260,2261
2010	2262
2011	2263
2012	2264
2013	2265
2014	2266
2015	2267
2016	2268
2017	2269
2018	2270,2271
2019	2272
2020	2273
2021	2274
2022	2275
2023	2276
2024	2277,2278
2025	2279
2026	2280
2027	2281
2028	2282,2283
2029	2284
2030	2285,2286
2031	2287
2032	2288
2033	2289
2034	2290
2035	2291
2036	2292
2037	2293
2038	2294
2039	2295
2040	2296
2041	2297
2042	2298,2299
2043	2300
2044	2301
2045	2302
2046	2303,2304
2047	2305
2048	2306
2049	2307
2050	2308
2051	2309
2052	2310
2053,2054	2311
2055	-1
-1	2312
2056	2313
-1	2314
2057	2315
2058,2059	2316
2060	2317
2061	-1
2062	2318
2063	2319
2064,2065	2320,2321
2066	2322
2067	2323
-1	2324
2068	2325
2069	2326
2070	-1
-1	2327
2071	2328
2072	2329,2330
2073	2331
2074	2332
2075	2333
-1	2334
2076	2335
2077	2336,2337
2078	2338
2079	2339
2080	2340
2081	2341
2082	2342
2083	2343
2084	2344
2085,2086	2345
2087	2346
2088	2347
2089	2348
2090	2349
2091	2350
2092	2351,2352
2093	2353
2094	2354
2095	2355
2096	2356
2097	2357
2098	2358
2099	2359
-1	2360
2100	2361
2101	2362
2102	2363
2103	2364
2104	2365
2105	2366
2106	2367
2107	2368,2369
2108	2370,2371
2109	2372
2110	2373
2111	2374
2112	2375
2113	2376
2114	2377
2115	2378
2116	-1
2117	-1
-1	2379
2118,2119	2380
2120	2381
2121	2382,2383
2122	2384,2385
2123	2386,2387
2124	2388,2389
2125	2390,2391
2126	2392
2127	2393
-1	2394
2128	2395
2129	2396,2398
2130	2399
2131	2400
2132	2401
2133	2402
2134	2403,2405
2135	2406
2136,2137	2407
2138	2408
2139	2409
2140	2410
2141	2411,2412
2142	2413
2143	2414
-1	2415
2144	2416
2145	2417,2418
2146	2419,2420
2147	2421
2148	2422,2423
2149	2424
2150	2425
2151	2426,2427
2152	2428
2153	2429
2154	2430
2155	2431
2156	2432
2157	2433,2434
2158	2435
2159,2160	2436
2161	2437
2162	2438
2163	2439
2164	2440
2165	-1
-1	2441
2166	2442,2443
-1	2444
2167	2445
2168	2446
2169	2447
2170	2448
2171	2449
2172	2450
2173,2174	2451
2175	2452
2176	2453
2177	2454
2178	2455
2179	2456
-1	2457
2180	2458
2181	2459,2460
2182	2461
2183	2462
2184	2463,2464
2185	2465,2466
2186	2467,2469
2187	2470,2471
2188	2472
2189,2190	2473,2474
2191	2475
2192	2476
2193,2195	2477,2478
2196	2479
2197	2480
2198	2481
2199	2482
-1	2483
2200	2484
2201	2485,2486
2202	-1
-1	2487
2203	2488
2204	2489
2205	2490
2206	2491
2207	2492,2493
2208	2494
2209	2495
2210	2496
2211	2497
2212	2498
2213	2499
2214	2500
2215	2501
2216	2502,2503
2217	2504,2505
2218	2506
2219	2507
2220	2508,2509
2221	2510
2222	2511
2223	2512
2224	2513
2225	2514
2226	2515
2227	2516,2517
2228	2518,2519
2229	2520
2230	2521
2231	2522
2232	2523
2233	2524
2234	2525
2235	2526
2236	2527
2237	-1
2238	-1
2239	-1
2240	2528
2241	2529
2242	2530
2243	2531
2244,2245	2532
2246	2533
2247,2248	2534
2249	2535,2536
2250	2537
2251	2538
2252	2539
2253	2540
2254	2541
2255	2542
2256	2543,2545
2257	2546
2258	2547
2259	2548
2260	-1
2261	-1
-1	2549
-1	2550
2262	2551
-1	2552
2263	2553
-1	2554
2264,2265	2555,2558
2266	2559,2560
2267	2561,2562
2268	2563
2269,2271	2564
2272	2565
2273	2566
2274	2567
2275	2568
2276	2569
2277	2570
2278	2571
2279	2572
2280	2573
2281	2574
2282	2575
2283	2576
2284	2577
2285	2578
2286	2579
2287	2580
2288	2581
2289	2582
2290	2583
2291	2584
2292	2585
2293	2586
2294	2587
2295	2588
2296	2589
2297	2590
2298	-1
2299	2591
2300	2592
2301	2593
2302	2594,2596
2303	-1
2304	-1
2305	2597
2306	-1
-1	2598
2307	2599,2600
-1	2601
-1	2602
-1	2603
-1	2604
2308	2605
2309	2606
2310	2607
2311	2608
2312	2609
2313	2610
2314	2611
2315	2612,2613
2316	2614
2317	2615
2318	2616,2617
2319	2618,2619
2320	2620
2321	2621
2322	2622
2323	-1
-1	2623
2324	2624
2325	-1
-1	2625
2326	2626,2627
2327	2628
2328	2629
2329	2630
2330	2631
2331	2632,2633
2332	2634
2333	2635
2334	2636
2335	2637
2336	2638
2337	2639
2338	2640
2339	2641
2340	2642
2341	2643,2644
2342	2645
2343	2646
2344	2647
2345	2648
2346	2649,2650
2347,2348	2651
2349	2652,2653
2350	2654
2351	2655
2352	2656
2353	2657
2354	2658
2355	2659
2356	2660
2357	2661
2358	2662
2359	2663
2360	2664
2361	2665
2362	2666
2363	2667
2364	2668
2365	2669
2366	2670
2367	2671
2368	2672
2369	2673
2370	2674
2371	2675
2372	2676
2373	2677
2374	2678
2375	2679
2376	2680
2377	2681
2378	2682
2379	2683
2380	2684
2381	2685
2382	2686
2383	2687
2384	2688
2385	2689,2690
2386	2691
2387	2692
2388	2693
2389	2694
2390	2695
2391	2696,2697
2392	2698
2393	2699
2394	2700
2395	2701
2396	2702
2397	2703
2398	2704,2705
2399	2706
2400	2707
2401	2708
2402	2709
-1	2710
2403	2711
2404	2712
2405	2713
2406	2714
2407	2715
2408	2716
2409	2717
2410	-1
-1	2718
-1	2719
-1	2720
2411	2721
2412	2722
2413	2723
2414	2724
2415	2725
2416	2726,2727
2417	2728
2418	2729
2419	2730
2420	2731
2421	2732
2422	2733
2423	2734,2735
2424	2736
2425	2737
2426	2738
2427	2739,2740
2428	2741
2429	2742
2430,2431	2743
2432	2744
2433	2745
2434	2746
2435,2436	2747
2437	2748
2438	2749
2439	2750
2440	2751
-1	2752
2441	2753,2754
2442	2755
2443	2756,2757
2444	2758
2445	2759
2446	2760,2761
2447	2762
2448	2763
2449	2764
2450	2765
2451	2766
2452	2767
2453	2768
2454	2769
2455	2770
2456	2771
2457	2772
2458	2773
2459	2774
-1	2775
2460	2776,2777
2461	2778,2779
2462	2780
2463	2781
2464	2782
2465	2783,2784
2466	2785
2467	2786
2468	2787
2469	2788,2789
2470	2790
-1	2791
2471	2792
2472	2793
2473	2794
2474	2795
2475	2796
2476	2797
2477	2798
2478	2799,2800
2479	2801
2480	2802
2481	2803
-1	2804
-1	2805
2482,2483	2806
2484	2807
2485	2808
2486	2809
2487	2810,2811
-1	2812
2488	2813
2489,2490	2814,2815
2491	2816
2492	2817
2493	2818
2494	2819
2495	2820
2496	-1
2497	2821
2498	2822
2499	-1
2500	2823,2824
2501	2825
2502,2503	2826
2504	2827
2505,2506	2828
2507	2829
2508	2830
2509	2831
2510	2832
2511	2833
2512	2834
2513	2835
2514	2836
2515	2837
2516	2838
2517	2839
2518	-1
-1	2840
-1	2841
2519	2842,2843
2520	2844
2521	2845
2522	2846
2523,2524	2847
2525	2848
2526	2849
2527	2850,2851
2528	2852
-1	2853
-1	2854
-1	2855
2529	2856
2530	2857,2858
2531	2859,2860
2532	2861
2533	2862
2534	2863
2535	2864
2536	2865,2866
2537	2867
2538	2868
2539	2869
2540	2870
2541	2871
2542	2872
2543	2873
2544	2874
2545	2875
2546	2876
2547	2877,2878
2548	2879
2549	2880
2550,2551	2881
2552	2882
2553	2883
2554	2884
2555	2885
2556	2886
2557	2887,2888
2558	2889,2890
2559	2891
2560	2892,2893
2561	2894,2896
2562	2897,2898
2563	2899
2564	2900
2565	2901
2566	2902
2567,2568	2903
2569	2904
2570	2905
2571	2906,2907
2572	2908
2573	2909
2574	2910
2575	2911
2576	2912
2577	2913
2578	2914
2579	2915,2917
2580	2918
2581	2919
2582	2920
2583	2921
2584	2922
2585	2923
2586	2924,2925
2587	2926,2927
2588	2928
2589	2929
2590	2930
2591	2931
2592	2932
2593	2933
2594	2934
2595	2935
2596	2936
2597	2937
2598,2599	2938
2600	2939
2601	2940
2602	2941
2603	2942
2604	2943
2605	2944
2606	2945
2607	2946
2608	2947,2948
2609,2610	2949
2611	2950
2612	2951
2613	2952
2614	2953
2615	2954
2616	2955
2617	2956
2618	2957
2619	2958
2620	2959
2621	2960
2622	2961
2623	2962
2624	2963
2625	2964
2626	2965
2627	2966
2628	2967
2629	2968
2630	2969
2631	2970
2632	2971
2633	2972
2634	2973
2635	2974
2636	2975
2637	2976
2638	2977,2979
2639	2980
2640	2981
2641	2982
2642	2983
2643	2984
2644	2985
2645	2986
2646	2987,2988
2647	2989
2648	2990
2649	2991
2650	2992
2651	-1
-1	2993
2652	2994
2653	2995,2996
2654	2997
2655	2998
2656	2999
2657	3000
2658	3001
2659	3002
2660	3003
2661	3004
2662	3005
2663	3006
2664	3007
2665	3008
2666	3009
2667	3010
2668	3011
2669	3012
2670	3013
2671	3014
2672	3015
2673	3016
2674	3017
2675	3018,3019
2676	3020
2677	3021
2678,2679	3022
2680	3023
2681	3024
2682	3025
2683	3026
2684	3027
2685	3028
2686	3029,3030
2687	3031
2688	3032
2689	3033
2690	3034
2691	3035
2692	3036
2693,2694	3037
2695	3038
2696	3039
2697	3040
2698	3041
2699	3042
2700	3043
2701	3044
2702	3045
2703	3046
2704	3047
2705	3048
2706	3049
2707	3050
2708	3051
2709,2710	3052
2711	3053
2712	3054
2713	3055
2714	3056
2715	3057
2716	3058
2717	3059,3060
2718	3061
2719	3062
2720	3063
2721	3064,3065
2722	3066
2723	3067
2724	3068
2725	3069
2726	3070
2727	3071
2728	3072
2729	3073
2730	3074
2731	3075
2732,2733	3076
2734	3077
2735	3078
2736	3079
2737	3080
2738	3081
2739	3082
2740	3083
2741	3084
2742	3085
2743	3086
2744	3087
2745	3088,3089
2746	3090
2747	3091
2748	3092
2749	3093
2750	3094
2751	3095
2752	3096
2753	3097
2754	3098
2755	3099
2756	3100
2757	3101
2758	3102
2759	3103
2760	3104,3105
2761	3106
2762	3107
2763	3108
2764,2765	3109
2766	3110
2767	3111
2768	3112
2769	3113
2770	3114
2771	3115
2772	3116
2773	3117
2774	3118
2775	3119
2776	3120
2777	3121
2778	3122
2779	3123
2780	3124
2781	3125,3126
2782	3127
2783	3128
2784	3129
2785	3130
2786	3131
2787	3132
2788	3133,3134
2789	3135
2790	3136
2791,2792	3137,3138
2793	3139
2794	3140
2795	3141
2796	3142
2797	3143
2798	3144
2799	3145
2800	3146
2801	3147
2802	3148
2803	3149
2804	3150
2805	3151
2806	3152
2807	3153
2808	3154
2809	3155
2810	3156
2811	3157
2812	3158
2813	3159,3161
2814	3162
2815	3163
2816	3164
2817	3165
2818	3166
-1	3167
2819	3168
2820	3169
2821	3170
2822	3171
2823	3172
2824	3173
2825	3174
-1	3175
2826	3176
2827	3177
2828	3178,3179
2829	3180
2830	3181
2831	3182
2832	3183
2833	3184
2834,2835	3185,3186
2836	3187
2837	3188
2838	3189
2839	3190
2840	3191
2841	3192,3193
2842	3194,3195
2843	3196
2844	3197
2845	3198
2846	3199
2847	3200,3201
2848	3202
2849	3203
2850	3204
2851	3205
2852	3206
2853	3207
2854	3208
2855	3209
2856	3210
2857	3211
2858	3212
2859	3213
2860	3214
2861	3215
2862	3216
2863	3217
2864	3218
2865	3219
2866	3220,3221
2867	3222
2868	3223
2869,2870	3224
2871	3225
2872	3226
2873	3227,3228
2874,2875	3229
2876	3230
2877	3231,3233
2878	3234
2879	3235
2880	3236
2881	3237,3238
2882	3239,3240
2883	3241
2884	3242
2885	3243
2886	3244
2887	3245
2888	3246
2889	3247
2890	3248
2891	3249
2892	3250,3251
2893	3252,3254
2894	3255
2895	3256
-1	3257
2896	3258
2897	3259
2898	3260
2899	3261,3262
2900	3263
2901	3264,3265
2902	3266
2903	3267
2904	3268
2905	3269
2906	3270,3271
2907	3272
2908	3273
2909	3274,3275
2910	3276,3277
2911	3278,3279
2912	3280
2913	3281
2914	3282
2915	3283
2916	3284
2917	3285
2918	3286
2919,2920	3287
2921	3288
2922	3289
2923	3290
2924	3291
2925	3292
2926	3293
2927	3294
2928	3295,3296
2929	3297,3298
2930	3299
2931	3300
2932	3301
2933	3302
2934	3303
2935	3304
2936	3305
2937	3306,3307
2938,2939	3308
2940	3309,3311
2941	3312
2942	3313
2943	3314
2944	3315
2945	3316,3318
2946	3319
2947	3320
2948	3321
2949	3322
2950	3323
2951	3324
2952	3325
2953	3326
2954	3327
2955	3328,3330
2956	3331,3332
2957	3333
2958	3334
2959	3335
2960	3336
2961	3337
2962	3338
2963	3339
2964	3340
2965	3341
2966,2968	3342
2969	3343,3344
2970	3345
2971	3346
2972	3347,3348
2973	3349
2974	3350
2975	3351,3352
2976	3353,3354
2977	3355
2978	3356
2979	3357
2980	3358
2981	3359
2982	3360
2983	3361
2984	3362
2985	3363,3365
2986	3366
2987	3367
2988	3368
2989	3369
2990	3370
2991	3371,3372
2992	3373
2993	3374
2994	3375,3377
2995	-1
-1	3378
-1	3379
2996	3380
2997	3381
2998	3382
2999	3383
3000	3384,3385
3001	3386
3002	3387
3003,3004	3388
3005	3389
-1	3390
3006	3391
3007	3392,3393
3008	3394
3009	3395
3010	-1
-1	3396
3011	3397
3012	3398
3013	3399
3014	3400
3015	3401
3016	3402
3017	3403
3018	3404
3019	3405
3020	3406
3021	3407
3022	3408
3023	3409
3024	3410
3025	3411
3026	3412
3027	3413
3028	3414
3029	3415
3030	3416,3417
3031	3418
3032	3419
3033	3420
3034	3421
3035	3422
3036	3423
3037	3424
3038	3425
3039	3426
3040	3427
3041	-1
3042	-1
-1	3428
-1	3429
3043	3430
3044	3431
3045	3432
3046	3433
3047	3434
3048	3435
3049	3436
3050	3437,3438
3051	3439
3052	3440
3053	3441,3442
3054	3443
3055	3444,3445
3056	3446
3057	3447
3058	3448
3059	3449
3060	3450
3061	3451
3062	3452
3063	3453
3064	3454
3065	3455
3066	3456
3067	3457,3458
3068	3459
3069	3460
3070	3461,3462
3071	3463
3072	3464
3073	3465
3074	3466
3075	3467
3076	3468
3077,3078	3469
3079	3470
3080	3471
3081	3472
3082	3473
3083	3474
3084	3475
3085	3476
3086	3477
3087	3478
3088	3479
3089,3090	3480,3481
3091	3482
3092	3483
3093,3095	3484,3485
